<?xml version="1.0" encoding="utf-8"?>
<COLLADA xmlns="http://www.collada.org/2005/11/COLLADASchema" version="1.4.1">
  <asset><contributor><author>Mixamo</author><authoring_tool>COLLADA Mixamo exporter</authoring_tool><comments></comments></contributor><created>2021-06-09T21:45:56Z</created><modified>2021-06-09T21:45:56Z</modified><revision></revision><title></title><unit meter="0.010000"/><up_axis>Y_UP</up_axis></asset>
  <library_animations>
    <animation id="Hips-anim" name="Hips"><source id="Hips-Matrix-animation-input"><float_array id="Hips-Matrix-animation-input-array" count="85">

0.000000 0.033333 0.066667 0.100000 0.133333 0.166667 0.200000 0.233333 0.266667 0.300000 0.333333 0.366667 0.400000 0.433333 0.466667 0.500000
0.533333 0.566667 0.600000 0.633333 0.666667 0.700000 0.733333 0.766667 0.800000 0.833333 0.866667 0.900000 0.933333 0.966667 1.000000 1.033333
1.066667 1.100000 1.133333 1.166667 1.200000 1.233333 1.266667 1.300000 1.333333 1.366667 1.400000 1.433333 1.466667 1.500000 1.533333 1.566667
1.600000 1.633333 1.666667 1.700000 1.733333 1.766667 1.800000 1.833333 1.866667 1.900000 1.933333 1.966667 2.000000 2.033333 2.066667 2.100000
2.133333 2.166667 2.200000 2.233333 2.266667 2.300000 2.333333 2.366667 2.400000 2.433333 2.466667 2.500000 2.533333 2.566667 2.600000 2.633333
2.666667 2.700000 2.733333 2.766667 2.800000</float_array><technique_common><accessor source="#Hips-Matrix-animation-input-array" count="85"><param name="TIME" type="float"/></accessor></technique_common></source><source id="Hips-Matrix-animation-output-transform"><float_array id="Hips-Matrix-animation-output-transform-array" count="1360">

0.997762 0.044087 -0.050267 0.406951 -0.038548 0.993588 0.106290 97.950676 0.054631 -0.104114 0.993064 -1.907809 0.000000 0.000000 0.000000 1.000000
0.996380 0.046532 -0.071146 0.869301 -0.038777 0.993530 0.106748 97.878365 0.075653 -0.103603 0.991737 -1.847577 0.000000 0.000000 0.000000 1.000000
0.994207 0.050044 -0.095123 1.389862 -0.039769 0.993464 0.106996 97.773651 0.099856 -0.102593 0.989699 -1.777735 0.000000 0.000000 0.000000 1.000000
0.990880 0.054823 -0.123091 1.982048 -0.041732 0.993434 0.106520 97.637596 0.128123 -0.100411 0.986662 -1.704899 0.000000 0.000000 0.000000 1.000000
0.985839 0.060795 -0.156287 2.648428 -0.044669 0.993500 0.104703 97.486740 0.161637 -0.096239 0.982146 -1.640709 0.000000 0.000000 0.000000 1.000000
0.978352 0.067852 -0.195507 3.382266 -0.048673 0.993666 0.101289 97.338837 0.201141 -0.089580 0.975458 -1.595476 0.000000 0.000000 0.000000 1.000000
0.967805 0.075586 -0.240083 4.166932 -0.053704 0.993891 0.096424 97.209373 0.245905 -0.080426 0.965952 -1.572806 0.000000 0.000000 0.000000 1.000000
0.953873 0.083482 -0.288370 4.982652 -0.059736 0.994130 0.090202 97.098587 0.294207 -0.068815 0.953261 -1.569938 0.000000 0.000000 0.000000 1.000000
0.936074 0.091305 -0.339749 5.814342 -0.066975 0.994322 0.082688 97.007118 0.345370 -0.054647 0.936874 -1.578557 0.000000 0.000000 0.000000 1.000000
0.913648 0.099331 -0.394184 6.651364 -0.075964 0.994324 0.074491 96.934639 0.399346 -0.038115 0.916008 -1.585498 0.000000 0.000000 0.000000 1.000000
0.886948 0.107852 -0.449101 7.477160 -0.087008 0.993961 0.066864 96.892830 0.453600 -0.020230 0.890976 -1.580580 0.000000 0.000000 0.000000 1.000000
0.858895 0.116666 -0.498686 8.264602 -0.099419 0.993167 0.061117 96.917892 0.502409 -0.002914 0.864625 -1.565438 0.000000 0.000000 0.000000 1.000000
0.834008 0.124794 -0.537455 8.979974 -0.111122 0.992117 0.057928 97.004433 0.540447 0.011411 0.841301 -1.541417 0.000000 0.000000 0.000000 1.000000
0.815374 0.130761 -0.563974 9.592537 -0.119448 0.991196 0.057120 97.055962 0.566478 0.020791 0.823815 -1.502306 0.000000 0.000000 0.000000 1.000000
0.803027 0.133578 -0.580779 10.105030 -0.122921 0.990726 0.057906 96.968628 0.583128 0.024890 0.811999 -1.441586 0.000000 0.000000 0.000000 1.000000
0.795340 0.134492 -0.591055 10.578813 -0.123380 0.990581 0.059379 96.755966 0.593474 0.025698 0.804443 -1.375756 0.000000 0.000000 0.000000 1.000000
0.791887 0.134578 -0.595654 11.052403 -0.122496 0.990595 0.060957 96.456627 0.598255 0.024695 0.800925 -1.327113 0.000000 0.000000 0.000000 1.000000
0.793253 0.133678 -0.594037 11.518076 -0.120164 0.990785 0.062498 96.107117 0.596918 0.021805 0.802006 -1.313535 0.000000 0.000000 0.000000 1.000000
0.798744 0.131978 -0.587017 11.947263 -0.116679 0.991101 0.064065 95.690590 0.590249 0.017321 0.807035 -1.367124 0.000000 0.000000 0.000000 1.000000
0.806066 0.129595 -0.577462 12.343253 -0.112365 0.991495 0.065665 95.203041 0.581061 0.011956 0.813772 -1.491706 0.000000 0.000000 0.000000 1.000000
0.813028 0.126985 -0.568207 12.744072 -0.108021 0.991881 0.067105 94.733971 0.572116 0.006820 0.820145 -1.655537 0.000000 0.000000 0.000000 1.000000
0.818699 0.124534 -0.560557 13.155423 -0.104227 0.992212 0.068206 94.397888 0.564685 0.002585 0.825302 -1.862471 0.000000 0.000000 0.000000 1.000000
0.823148 0.122225 -0.554517 13.554892 -0.100803 0.992502 0.069128 94.227974 0.558809 -0.001006 0.829296 -2.123683 0.000000 0.000000 0.000000 1.000000
0.826910 0.120286 -0.549319 13.924715 -0.097791 0.992730 0.070173 94.179794 0.553766 -0.004308 0.832661 -2.416955 0.000000 0.000000 0.000000 1.000000
0.830634 0.119380 -0.543871 14.283378 -0.095955 0.992823 0.071377 94.196312 0.548489 -0.007101 0.836128 -2.702414 0.000000 0.000000 0.000000 1.000000
0.834635 0.119688 -0.537642 14.630329 -0.095598 0.992769 0.072600 94.208855 0.542444 -0.009197 0.840042 -2.978243 0.000000 0.000000 0.000000 1.000000
0.838558 0.120891 -0.531230 14.953147 -0.096222 0.992606 0.073997 94.173065 0.536247 -0.010935 0.843990 -3.255101 0.000000 0.000000 0.000000 1.000000
0.841548 0.122449 -0.526120 15.244072 -0.096758 0.992387 0.076200 94.073959 0.531445 -0.013220 0.846990 -3.530947 0.000000 0.000000 0.000000 1.000000
0.843141 0.123709 -0.523268 15.489096 -0.096102 0.992174 0.079718 93.920029 0.529035 -0.016926 0.848431 -3.740601 0.000000 0.000000 0.000000 1.000000
0.844020 0.124461 -0.521671 15.670909 -0.094168 0.991980 0.084312 93.745926 0.527980 -0.022036 0.848971 -3.825938 0.000000 0.000000 0.000000 1.000000
0.845711 0.124885 -0.518823 15.772327 -0.091637 0.991775 0.089355 93.551567 0.525715 -0.028025 0.850199 -3.806329 0.000000 0.000000 0.000000 1.000000
0.849380 0.125455 -0.512655 15.786341 -0.089323 0.991496 0.094644 93.348488 0.520169 -0.034597 0.853362 -3.664373 0.000000 0.000000 0.000000 1.000000
0.855056 0.126903 -0.502767 15.706492 -0.088045 0.991043 0.100411 93.233147 0.511006 -0.041591 0.858570 -3.346580 0.000000 0.000000 0.000000 1.000000
0.862177 0.129399 -0.489803 15.528733 -0.088085 0.990393 0.106596 93.282448 0.498890 -0.048760 0.865292 -2.870571 0.000000 0.000000 0.000000 1.000000
0.870455 0.132214 -0.474161 15.274302 -0.089013 0.989652 0.112544 93.472580 0.484134 -0.055758 0.873216 -2.278128 0.000000 0.000000 0.000000 1.000000
0.879770 0.135132 -0.455790 14.993897 -0.090987 0.988889 0.117560 93.797295 0.466612 -0.061954 0.882290 -1.611879 0.000000 0.000000 0.000000 1.000000
0.889718 0.138135 -0.435109 14.719672 -0.094153 0.988155 0.121184 94.230186 0.446695 -0.066853 0.892185 -0.977926 0.000000 0.000000 0.000000 1.000000
0.899622 0.141400 -0.413143 14.458437 -0.098838 0.987503 0.122757 94.784348 0.425337 -0.069601 0.902355 -0.443676 0.000000 0.000000 0.000000 1.000000
0.908526 0.145166 -0.391801 14.284431 -0.105273 0.986984 0.121577 95.503906 0.404350 -0.069210 0.911982 -0.061655 0.000000 0.000000 0.000000 1.000000
0.915585 0.149233 -0.373409 14.162128 -0.112861 0.986630 0.117577 96.234711 0.385963 -0.065509 0.920185 0.103573 0.000000 0.000000 0.000000 1.000000
0.920103 0.157130 -0.358777 14.052238 -0.124946 0.985895 0.111352 96.871170 0.371214 -0.057628 0.926758 0.112428 0.000000 0.000000 0.000000 1.000000
0.922660 0.168846 -0.346685 13.909558 -0.141031 0.984511 0.104151 97.211807 0.358900 -0.047203 0.932181 -0.011947 0.000000 0.000000 0.000000 1.000000
0.924820 0.183567 -0.333185 13.713331 -0.159822 0.982311 0.097582 97.341293 0.345204 -0.036995 0.937798 -0.223066 0.000000 0.000000 0.000000 1.000000
0.928499 0.198049 -0.314111 13.434442 -0.177759 0.979737 0.092284 97.392319 0.326023 -0.029850 0.944891 -0.442927 0.000000 0.000000 0.000000 1.000000
0.934255 0.209443 -0.288620 13.097497 -0.192142 0.977471 0.087363 97.513580 0.300416 -0.026163 0.953449 -0.655881 0.000000 0.000000 0.000000 1.000000
0.940477 0.218141 -0.260611 12.804030 -0.203427 0.975608 0.082507 97.800232 0.272252 -0.024581 0.961912 -0.870902 0.000000 0.000000 0.000000 1.000000
0.945878 0.223358 -0.235428 12.515062 -0.210393 0.974407 0.079156 98.046776 0.247083 -0.025340 0.968663 -0.996266 0.000000 0.000000 0.000000 1.000000
0.949711 0.227106 -0.215575 12.286233 -0.214964 0.973461 0.078511 98.255409 0.227684 -0.028222 0.973326 -1.053165 0.000000 0.000000 0.000000 1.000000
0.952605 0.229610 -0.199556 12.079419 -0.217726 0.972735 0.079889 98.408165 0.212458 -0.032655 0.976624 -1.052566 0.000000 0.000000 0.000000 1.000000
0.955499 0.230201 -0.184469 11.819322 -0.218472 0.972404 0.081852 98.463478 0.198221 -0.037908 0.979424 -1.002878 0.000000 0.000000 0.000000 1.000000
0.958381 0.230130 -0.168957 11.589113 -0.218696 0.972198 0.083682 98.577805 0.183518 -0.043249 0.982065 -1.010302 0.000000 0.000000 0.000000 1.000000
0.961335 0.228770 -0.153293 11.380465 -0.217787 0.972271 0.085195 98.735634 0.168532 -0.048515 0.984502 -1.078947 0.000000 0.000000 0.000000 1.000000
0.964360 0.225428 -0.138535 11.173503 -0.215006 0.972794 0.086279 98.885704 0.154215 -0.053418 0.986592 -1.179613 0.000000 0.000000 0.000000 1.000000
0.967287 0.220440 -0.125543 10.986908 -0.210620 0.973696 0.086917 99.062325 0.141401 -0.057632 0.988273 -1.292665 0.000000 0.000000 0.000000 1.000000
0.970091 0.214149 -0.114298 10.804089 -0.204933 0.974884 0.087199 99.248413 0.130101 -0.061168 0.989612 -1.413191 0.000000 0.000000 0.000000 1.000000
0.972995 0.206054 -0.104034 10.540583 -0.197444 0.976418 0.087309 99.295151 0.119572 -0.064410 0.990734 -1.512636 0.000000 0.000000 0.000000 1.000000
0.975824 0.197232 -0.094168 10.221101 -0.189223 0.978020 0.087591 99.234055 0.109374 -0.067655 0.991696 -1.589374 0.000000 0.000000 0.000000 1.000000
0.978502 0.188025 -0.084733 9.860106 -0.180586 0.979587 0.088309 99.082642 0.099608 -0.071109 0.992483 -1.660706 0.000000 0.000000 0.000000 1.000000
0.981097 0.177799 -0.076401 9.452496 -0.170859 0.981229 0.089424 98.823349 0.090866 -0.074680 0.993059 -1.746194 0.000000 0.000000 0.000000 1.000000
0.983395 0.167502 -0.069832 9.052906 -0.160956 0.982783 0.090724 98.547440 0.083827 -0.077977 0.993425 -1.852082 0.000000 0.000000 0.000000 1.000000
0.985408 0.157337 -0.064939 8.676217 -0.151073 0.984218 0.092156 98.267029 0.078414 -0.081000 0.993625 -1.960275 0.000000 0.000000 0.000000 1.000000
0.987218 0.147070 -0.061417 8.327569 -0.140975 0.985544 0.093963 98.046494 0.074348 -0.084104 0.993679 -2.061235 0.000000 0.000000 0.000000 1.000000
0.988936 0.135888 -0.059499 7.980924 -0.129808 0.986853 0.096290 97.906174 0.071802 -0.087501 0.993573 -2.159148 0.000000 0.000000 0.000000 1.000000
0.990221 0.126035 -0.059807 7.698108 -0.119772 0.987878 0.098751 97.961647 0.071528 -0.090622 0.993313 -2.279803 0.000000 0.000000 0.000000 1.000000
0.991574 0.113050 -0.063254 7.286372 -0.106338 0.989191 0.100959 97.690865 0.073983 -0.093382 0.992878 -2.377767 0.000000 0.000000 0.000000 1.000000
0.992545 0.100120 -0.069499 6.784920 -0.092656 0.990316 0.103385 97.089539 0.079177 -0.096175 0.992210 -2.458537 0.000000 0.000000 0.000000 1.000000
0.992664 0.093744 -0.076358 6.404224 -0.085304 0.990576 0.107160 96.679794 0.085684 -0.099860 0.991305 -2.573763 0.000000 0.000000 0.000000 1.000000
0.992692 0.089775 -0.080638 6.055893 -0.080436 0.990400 0.112417 96.423225 0.089956 -0.105109 0.990384 -2.699289 0.000000 0.000000 0.000000 1.000000
0.993231 0.085249 -0.078899 5.688457 -0.075668 0.990204 0.117345 96.306923 0.088130 -0.110580 0.989952 -2.815903 0.000000 0.000000 0.000000 1.000000
0.994321 0.079258 -0.071025 5.273041 -0.070378 0.990297 0.119830 96.308220 0.079833 -0.114150 0.990251 -2.909485 0.000000 0.000000 0.000000 1.000000
0.995497 0.071918 -0.061756 4.802191 -0.064163 0.990760 0.119493 96.399628 0.069779 -0.114993 0.990912 -2.966081 0.000000 0.000000 0.000000 1.000000
0.996355 0.063615 -0.056826 4.295095 -0.056602 0.991461 0.117483 96.548340 0.063815 -0.113838 0.991448 -2.971637 0.000000 0.000000 0.000000 1.000000
0.996808 0.055542 -0.057342 3.790302 -0.048691 0.992213 0.114642 96.729813 0.063263 -0.111484 0.991751 -2.924608 0.000000 0.000000 0.000000 1.000000
0.997012 0.049499 -0.059306 3.318687 -0.042705 0.992925 0.110801 96.938522 0.064371 -0.107937 0.992072 -2.843243 0.000000 0.000000 0.000000 1.000000
0.997204 0.046322 -0.058635 2.882901 -0.039921 0.993567 0.105981 97.171936 0.063167 -0.103343 0.992638 -2.752818 0.000000 0.000000 0.000000 1.000000
0.997447 0.045192 -0.055292 2.463929 -0.039411 0.994053 0.101512 97.411140 0.059551 -0.099073 0.993297 -2.664380 0.000000 0.000000 0.000000 1.000000
0.997620 0.044892 -0.052334 2.043397 -0.039534 0.994275 0.099265 97.623802 0.056490 -0.096960 0.993684 -2.567394 0.000000 0.000000 0.000000 1.000000
0.997635 0.044763 -0.052168 1.620448 -0.039393 0.994230 0.099770 97.792984 0.056333 -0.097479 0.993642 -2.445671 0.000000 0.000000 0.000000 1.000000
0.997518 0.044702 -0.054405 1.227682 -0.039000 0.994051 0.101694 97.911194 0.058627 -0.099320 0.993327 -2.303306 0.000000 0.000000 0.000000 1.000000
0.997382 0.044625 -0.056899 0.920001 -0.038575 0.993899 0.103329 97.978127 0.061163 -0.100864 0.993018 -2.171288 0.000000 0.000000 0.000000 1.000000
0.997312 0.044527 -0.058185 0.729232 -0.038300 0.993832 0.104076 98.001930 0.062461 -0.101568 0.992866 -2.080206 0.000000 0.000000 0.000000 1.000000
0.997285 0.044567 -0.058616 0.628986 -0.038274 0.993798 0.104408 97.998413 0.062906 -0.101881 0.992806 -2.028796 0.000000 0.000000 0.000000 1.000000
0.997263 0.044768 -0.058839 0.560955 -0.038420 0.993740 0.104901 97.983009 0.063167 -0.102353 0.992740 -1.990976 0.000000 0.000000 0.000000 1.000000
0.997340 0.044803 -0.057497 0.488383 -0.038548 0.993659 0.105623 97.965439 0.061865 -0.103126 0.992743 -1.949360 0.000000 0.000000 0.000000 1.000000
0.997762 0.044087 -0.050267 0.406960 -0.038548 0.993588 0.106290 97.950676 0.054631 -0.104114 0.993064 -1.907824 0.000000 0.000000 0.000000 1.000000</float_array><technique_common><accessor source="#Hips-Matrix-animation-output-transform-array" count="85" stride="16"><param type="float4x4"/></accessor></technique_common></source><source id="Hips-Interpolations"><Name_array id="Hips-Interpolations-array" count="85">
 LINEAR LINEAR LINEAR LINEAR LINEAR LINEAR LINEAR LINEAR LINEAR LINEAR LINEAR
LINEAR LINEAR LINEAR LINEAR LINEAR LINEAR LINEAR LINEAR LINEAR LINEAR LINEAR LINEAR
LINEAR LINEAR LINEAR LINEAR LINEAR LINEAR LINEAR LINEAR LINEAR LINEAR LINEAR LINEAR
LINEAR LINEAR LINEAR LINEAR LINEAR LINEAR LINEAR LINEAR LINEAR LINEAR LINEAR LINEAR
LINEAR LINEAR LINEAR LINEAR LINEAR LINEAR LINEAR LINEAR LINEAR LINEAR LINEAR LINEAR
LINEAR LINEAR LINEAR LINEAR LINEAR LINEAR LINEAR LINEAR LINEAR LINEAR LINEAR LINEAR
LINEAR LINEAR LINEAR LINEAR LINEAR LINEAR LINEAR LINEAR LINEAR LINEAR LINEAR LINEAR
LINEAR LINEAR</Name_array><technique_common><accessor source="#Hips-Interpolations-array" count="85"><param type="name"/></accessor></technique_common></source><sampler id="Hips-Matrix-animation-transform"><input semantic="INPUT" source="#Hips-Matrix-animation-input"/><input semantic="OUTPUT" source="#Hips-Matrix-animation-output-transform"/><input semantic="INTERPOLATION" source="#Hips-Interpolations"/></sampler><channel source="#Hips-Matrix-animation-transform" target="Hips/matrix"/></animation>
    <animation id="Spine-anim" name="Spine"><source id="Spine-Matrix-animation-input"><float_array id="Spine-Matrix-animation-input-array" count="85">

0.000000 0.033333 0.066667 0.100000 0.133333 0.166667 0.200000 0.233333 0.266667 0.300000 0.333333 0.366667 0.400000 0.433333 0.466667 0.500000
0.533333 0.566667 0.600000 0.633333 0.666667 0.700000 0.733333 0.766667 0.800000 0.833333 0.866667 0.900000 0.933333 0.966667 1.000000 1.033333
1.066667 1.100000 1.133333 1.166667 1.200000 1.233333 1.266667 1.300000 1.333333 1.366667 1.400000 1.433333 1.466667 1.500000 1.533333 1.566667
1.600000 1.633333 1.666667 1.700000 1.733333 1.766667 1.800000 1.833333 1.866667 1.900000 1.933333 1.966667 2.000000 2.033333 2.066667 2.100000
2.133333 2.166667 2.200000 2.233333 2.266667 2.300000 2.333333 2.366667 2.400000 2.433333 2.466667 2.500000 2.533333 2.566667 2.600000 2.633333
2.666667 2.700000 2.733333 2.766667 2.800000</float_array><technique_common><accessor source="#Spine-Matrix-animation-input-array" count="85"><param name="TIME" type="float"/></accessor></technique_common></source><source id="Spine-Matrix-animation-output-transform"><float_array id="Spine-Matrix-animation-output-transform-array" count="1360">

0.995927 -0.007116 0.089885 0.000000 0.025458 0.978513 -0.204608 12.947400 -0.086498 0.206063 0.974708 1.306900 0.000000 0.000000 0.000000 1.000000
0.995889 -0.005141 0.090431 -0.000000 0.023628 0.978566 -0.204572 12.947400 -0.087441 0.205868 0.974665 1.306900 0.000000 0.000000 0.000000 1.000000
0.995937 -0.003695 0.089982 0.000000 0.022120 0.978587 -0.204643 12.947400 -0.087299 0.205802 0.974692 1.306900 0.000000 0.000000 0.000000 1.000000
0.996056 -0.002503 0.088689 -0.000000 0.020682 0.978615 -0.204659 12.947400 -0.086280 0.205686 0.974807 1.306900 0.000000 0.000000 0.000000 1.000000
0.996197 -0.001063 0.087119 0.000000 0.018913 0.978720 -0.204328 12.947400 -0.085047 0.205199 0.975018 1.306900 0.000000 0.000000 0.000000 1.000000
0.996321 0.000920 0.085701 0.000000 0.016605 0.978922 -0.203556 12.947400 -0.084081 0.204230 0.975305 1.306900 0.000000 0.000000 0.000000 1.000000
0.996484 0.003598 0.083701 0.000000 0.013482 0.979169 -0.202599 12.947400 -0.082686 0.203015 0.975678 1.306900 0.000000 0.000000 0.000000 1.000000
0.996762 0.006869 0.080119 0.000000 0.009447 0.979442 -0.201503 12.947400 -0.079856 0.201607 0.976206 1.306900 0.000000 0.000000 0.000000 1.000000
0.997040 0.010532 0.076157 -0.000000 0.004916 0.979813 -0.199856 12.947400 -0.076725 0.199639 0.976861 1.306900 0.000000 0.000000 0.000000 1.000000
0.997114 0.014177 0.074579 0.000000 0.000826 0.980322 -0.197406 12.947400 -0.075910 0.196898 0.977481 1.306900 0.000000 0.000000 0.000000 1.000000
0.997004 0.017047 0.075444 0.000000 -0.002054 0.980902 -0.194493 12.947400 -0.077319 0.193756 0.977998 1.306900 0.000000 0.000000 0.000000 1.000000
0.997033 0.018300 0.074762 0.000000 -0.003630 0.981422 -0.191825 12.947400 -0.076884 0.190984 0.978577 1.306900 0.000000 0.000000 0.000000 1.000000
0.997483 0.018072 0.068571 0.000000 -0.004723 0.981764 -0.190044 12.947400 -0.070755 0.189242 0.979378 1.306900 0.000000 0.000000 0.000000 1.000000
0.998207 0.017897 0.057124 0.000000 -0.006771 0.981894 -0.189308 12.947400 -0.059478 0.188581 0.980255 1.306900 0.000000 0.000000 0.000000 1.000000
0.998834 0.019254 0.044272 0.000000 -0.010548 0.981909 -0.189060 12.947400 -0.047112 0.188372 0.980967 1.306900 0.000000 0.000000 0.000000 1.000000
0.999210 0.020909 0.033799 -0.000000 -0.014172 0.981972 -0.188492 12.947400 -0.037131 0.187864 0.981493 1.306900 0.000000 0.000000 0.000000 1.000000
0.999414 0.021901 0.026304 0.000000 -0.016587 0.982118 -0.187533 12.947400 -0.029941 0.186986 0.981906 1.306900 0.000000 0.000000 0.000000 1.000000
0.999518 0.023148 0.020700 0.000000 -0.018877 0.982205 -0.186859 12.947400 -0.024657 0.186378 0.982169 1.306900 0.000000 0.000000 0.000000 1.000000
0.999535 0.025218 0.017137 0.000000 -0.021574 0.982130 -0.186961 12.947400 -0.021546 0.186504 0.982218 1.306900 0.000000 0.000000 0.000000 1.000000
0.999455 0.028448 0.016774 0.000000 -0.024801 0.981934 -0.187590 12.947400 -0.021807 0.187071 0.982104 1.306900 0.000000 0.000000 0.000000 1.000000
0.999281 0.032378 0.019739 0.000000 -0.028095 0.981754 -0.188069 12.947400 -0.025469 0.187379 0.981957 1.306900 0.000000 0.000000 0.000000 1.000000
0.999023 0.036613 0.024739 -0.000000 -0.031324 0.981685 -0.187918 12.947400 -0.031167 0.186960 0.981873 1.306900 0.000000 0.000000 0.000000 1.000000
0.998694 0.041255 0.030149 0.000000 -0.034904 0.981713 -0.187140 12.947400 -0.037318 0.185843 0.981871 1.306900 0.000000 0.000000 0.000000 1.000000
0.998356 0.045658 0.034663 -0.000000 -0.038441 0.981790 -0.186037 12.947400 -0.042526 0.184399 0.981931 1.306900 0.000000 0.000000 0.000000 1.000000
0.998116 0.048377 0.037733 0.000000 -0.040602 0.981917 -0.184908 12.947400 -0.045996 0.183028 0.982031 1.306900 0.000000 0.000000 0.000000 1.000000
0.997987 0.049123 0.040116 0.000000 -0.040946 0.982086 -0.183933 12.947400 -0.048433 0.181920 0.982120 1.306900 0.000000 0.000000 0.000000 1.000000
0.997860 0.049007 0.043285 -0.000000 -0.040292 0.982244 -0.183231 12.947400 -0.051496 0.181095 0.982116 1.306900 0.000000 0.000000 0.000000 1.000000
0.997611 0.049648 0.048041 -0.000000 -0.040080 0.982316 -0.182888 12.947400 -0.056271 0.180525 0.981959 1.306900 0.000000 0.000000 0.000000 1.000000
0.997175 0.052319 0.053899 -0.000000 -0.041657 0.982272 -0.182776 12.947400 -0.062506 0.180014 0.981676 1.306900 0.000000 0.000000 0.000000 1.000000
0.996605 0.056762 0.059638 0.000000 -0.045016 0.982168 -0.182539 12.947400 -0.068936 0.179235 0.981388 1.306900 0.000000 0.000000 0.000000 1.000000
0.996049 0.061483 0.064082 -0.000000 -0.048909 0.982076 -0.182031 12.947400 -0.074125 0.178178 0.981202 1.306900 0.000000 0.000000 0.000000 1.000000
0.995646 0.065051 0.066769 -0.000000 -0.051993 0.982024 -0.181451 12.947400 -0.077372 0.177190 0.981131 1.306900 0.000000 0.000000 0.000000 1.000000
0.995426 0.066994 0.068102 -0.000000 -0.053719 0.982038 -0.180874 12.947400 -0.078996 0.176389 0.981146 1.306900 0.000000 0.000000 0.000000 1.000000
0.995312 0.068183 0.068587 -0.000000 -0.054876 0.982133 -0.180010 12.947400 -0.079635 0.175403 0.981271 1.306900 0.000000 0.000000 0.000000 1.000000
0.995215 0.070055 0.068116 0.000000 -0.056915 0.982263 -0.178662 12.947400 -0.079424 0.173930 0.981550 1.306900 0.000000 0.000000 0.000000 1.000000
0.995136 0.072672 0.066502 -0.000000 -0.059903 0.982366 -0.177113 12.947400 -0.078200 0.172267 0.981941 1.306900 0.000000 0.000000 0.000000 1.000000
0.995030 0.075784 0.064589 -0.000000 -0.063412 0.982388 -0.175763 12.947400 -0.076772 0.170794 0.982311 1.306900 0.000000 0.000000 0.000000 1.000000
0.994723 0.079632 0.064691 0.000000 -0.067298 0.982365 -0.174444 12.947400 -0.077442 0.169170 0.982540 1.306900 0.000000 0.000000 0.000000 1.000000
0.993863 0.085312 0.070412 0.000000 -0.072081 0.982321 -0.172771 12.947400 -0.083906 0.166636 0.982442 1.306900 0.000000 0.000000 0.000000 1.000000
0.992002 0.094102 0.084130 0.000000 -0.078676 0.982147 -0.170872 12.947400 -0.098707 0.162886 0.981695 1.306900 0.000000 0.000000 0.000000 1.000000
0.989379 0.101260 0.104287 0.000000 -0.082747 0.982196 -0.168654 12.947400 -0.119508 0.158233 0.980143 1.306900 0.000000 0.000000 0.000000 1.000000
0.986671 0.104236 0.124965 0.000000 -0.082743 0.982597 -0.166304 12.947400 -0.140125 0.153747 0.978124 1.306900 0.000000 0.000000 0.000000 1.000000
0.985062 0.101651 0.138994 -0.000000 -0.078169 0.983184 -0.165044 12.947400 -0.153433 0.151714 0.976443 1.306900 0.000000 0.000000 0.000000 1.000000
0.985166 0.096204 0.142099 0.000000 -0.072011 0.983403 -0.166534 12.947400 -0.155762 0.153831 0.975743 1.306900 0.000000 0.000000 0.000000 1.000000
0.986502 0.091174 0.136017 0.000000 -0.067389 0.983098 -0.170226 12.947400 -0.149238 0.158762 0.975973 1.306900 0.000000 0.000000 0.000000 1.000000
0.987984 0.086927 0.127797 0.000000 -0.064002 0.982725 -0.173653 12.947400 -0.140684 0.163387 0.976480 1.306900 0.000000 0.000000 0.000000 1.000000
0.988697 0.085058 0.123466 0.000000 -0.062567 0.982437 -0.175792 12.947400 -0.136250 0.166080 0.976654 1.306900 0.000000 0.000000 0.000000 1.000000
0.988675 0.083626 0.124613 -0.000000 -0.060816 0.982375 -0.176749 12.947400 -0.137198 0.167169 0.976336 1.306900 0.000000 0.000000 0.000000 1.000000
0.988301 0.082188 0.128473 0.000000 -0.058692 0.982458 -0.177008 12.947400 -0.140767 0.167397 0.975788 1.306900 0.000000 0.000000 0.000000 1.000000
0.987877 0.081586 0.132073 -0.000000 -0.057472 0.982522 -0.177055 12.947400 -0.144210 0.167318 0.975299 1.306900 0.000000 0.000000 0.000000 1.000000
0.987561 0.080943 0.134805 -0.000000 -0.056328 0.982541 -0.177313 12.947400 -0.146803 0.167514 0.974878 1.306900 0.000000 0.000000 0.000000 1.000000
0.987356 0.080863 0.136340 -0.000000 -0.055831 0.982385 -0.178332 12.947400 -0.148359 0.168465 0.974479 1.306900 0.000000 0.000000 0.000000 1.000000
0.987185 0.081796 0.137020 -0.000000 -0.056383 0.982045 -0.180024 12.947400 -0.149285 0.169991 0.974072 1.306900 0.000000 0.000000 0.000000 1.000000
0.986764 0.083602 0.138950 -0.000000 -0.057599 0.981683 -0.181606 12.947400 -0.151587 0.171199 0.973505 1.306900 0.000000 0.000000 0.000000 1.000000
0.985870 0.086249 0.143600 0.000000 -0.059283 0.981424 -0.182464 12.947400 -0.156670 0.171373 0.972669 1.306900 0.000000 0.000000 0.000000 1.000000
0.984714 0.089992 0.149129 -0.000000 -0.061983 0.981190 -0.182821 12.947400 -0.162776 0.170783 0.971770 1.306900 0.000000 0.000000 0.000000 1.000000
0.983749 0.093345 0.153381 0.000000 -0.064542 0.980982 -0.183053 12.947400 -0.167551 0.170179 0.971064 1.306900 0.000000 0.000000 0.000000 1.000000
0.983016 0.096045 0.156379 0.000000 -0.066641 0.980766 -0.183457 12.947400 -0.170992 0.169920 0.970510 1.306900 0.000000 0.000000 0.000000 1.000000
0.982287 0.098999 0.159093 0.000000 -0.068993 0.980476 -0.184136 12.947400 -0.174216 0.169898 0.969940 1.306900 0.000000 0.000000 0.000000 1.000000
0.981678 0.101043 0.161550 -0.000000 -0.070505 0.980265 -0.184686 12.947400 -0.177023 0.169912 0.969429 1.306900 0.000000 0.000000 0.000000 1.000000
0.981458 0.101350 0.162694 0.000000 -0.070569 0.980217 -0.184916 12.947400 -0.178217 0.170006 0.969194 1.306900 0.000000 0.000000 0.000000 1.000000
0.981640 0.099743 0.162585 0.000000 -0.068956 0.980304 -0.185064 12.947400 -0.177842 0.170455 0.969184 1.306900 0.000000 0.000000 0.000000 1.000000
0.981935 0.096908 0.162518 -0.000000 -0.066055 0.980419 -0.185513 12.947400 -0.177314 0.171427 0.969109 1.306900 0.000000 0.000000 0.000000 1.000000
0.982364 0.090569 0.163580 0.000000 -0.059468 0.980769 -0.185892 12.947400 -0.177270 0.172886 0.968858 1.306900 0.000000 0.000000 0.000000 1.000000
0.982675 0.085942 0.164204 0.000000 -0.054482 0.980793 -0.187290 12.947400 -0.177147 0.175099 0.968483 1.306900 0.000000 0.000000 0.000000 1.000000
0.983249 0.081605 0.162978 0.000000 -0.049794 0.980423 -0.190503 12.947400 -0.175334 0.179197 0.968063 1.306900 0.000000 0.000000 0.000000 1.000000
0.984615 0.072068 0.159182 0.000000 -0.040071 0.979834 -0.195754 12.947400 -0.170079 0.186364 0.967647 1.306900 0.000000 0.000000 0.000000 1.000000
0.986614 0.060481 0.151444 -0.000000 -0.028813 0.978722 -0.203156 12.947400 -0.160509 0.196073 0.967364 1.306900 0.000000 0.000000 0.000000 1.000000
0.989075 0.048194 0.139311 0.000000 -0.017964 0.977409 -0.210590 12.947400 -0.146313 0.205787 0.967597 1.306900 0.000000 0.000000 0.000000 1.000000
0.991568 0.036127 0.124451 -0.000000 -0.008511 0.976435 -0.215643 12.947400 -0.129309 0.212766 0.968509 1.306900 0.000000 0.000000 0.000000 1.000000
0.993512 0.025998 0.110714 -0.000000 -0.001300 0.976052 -0.217532 12.947400 -0.113718 0.215976 0.969754 1.306900 0.000000 0.000000 0.000000 1.000000
0.994658 0.019076 0.101447 0.000000 0.003409 0.976169 -0.216987 12.947400 -0.103169 0.216174 0.970889 1.306900 0.000000 0.000000 0.000000 1.000000
0.995201 0.014541 0.096766 -0.000000 0.006646 0.976568 -0.215104 12.947400 -0.097626 0.214715 0.971785 1.306900 0.000000 0.000000 0.000000 1.000000
0.995471 0.010614 0.094473 -0.000000 0.009762 0.977082 -0.212639 12.947400 -0.094565 0.212599 0.972553 1.306900 0.000000 0.000000 0.000000 1.000000
0.995659 0.006521 0.092847 0.000000 0.013178 0.977618 -0.209974 12.947400 -0.092139 0.210286 0.973288 1.306900 0.000000 0.000000 0.000000 1.000000
0.995804 0.002589 0.091479 0.000000 0.016509 0.978118 -0.207394 12.947400 -0.090015 0.208034 0.973971 1.306900 0.000000 0.000000 0.000000 1.000000
0.995904 -0.000749 0.090410 -0.000000 0.019367 0.978522 -0.205229 12.947400 -0.088314 0.206139 0.974529 1.306900 0.000000 0.000000 0.000000 1.000000
0.995975 -0.003248 0.089575 0.000000 0.021517 0.978784 -0.203760 12.947400 -0.087013 0.204868 0.974914 1.306900 0.000000 0.000000 0.000000 1.000000
0.996022 -0.004984 0.088969 0.000000 0.023034 0.978901 -0.203035 12.947400 -0.086080 0.204277 0.975121 1.306900 0.000000 0.000000 0.000000 1.000000
0.996040 -0.006124 0.088694 0.000000 0.024086 0.978905 -0.202890 12.947400 -0.085581 0.204223 0.975176 1.306900 0.000000 0.000000 0.000000 1.000000
0.996028 -0.006811 0.088777 0.000000 0.024797 0.978840 -0.203117 12.947400 -0.085515 0.204511 0.975122 1.306900 0.000000 0.000000 0.000000 1.000000
0.995997 -0.007140 0.089100 0.000000 0.025226 0.978740 -0.203546 12.947400 -0.085752 0.204979 0.975003 1.306900 0.000000 0.000000 0.000000 1.000000
0.995962 -0.007212 0.089481 0.000000 0.025417 0.978636 -0.204024 12.947400 -0.086098 0.205474 0.974868 1.306900 0.000000 0.000000 0.000000 1.000000
0.995937 -0.007161 0.089773 0.000000 0.025462 0.978554 -0.204409 12.947400 -0.086384 0.205864 0.974760 1.306900 0.000000 0.000000 0.000000 1.000000
0.995927 -0.007116 0.089885 0.000000 0.025458 0.978513 -0.204608 12.947400 -0.086498 0.206063 0.974708 1.306900 0.000000 0.000000 0.000000 1.000000</float_array><technique_common><accessor source="#Spine-Matrix-animation-output-transform-array" count="85" stride="16"><param type="float4x4"/></accessor></technique_common></source><source id="Spine-Interpolations"><Name_array id="Spine-Interpolations-array" count="85">
 LINEAR LINEAR LINEAR LINEAR LINEAR LINEAR LINEAR LINEAR LINEAR LINEAR LINEAR
LINEAR LINEAR LINEAR LINEAR LINEAR LINEAR LINEAR LINEAR LINEAR LINEAR LINEAR LINEAR
LINEAR LINEAR LINEAR LINEAR LINEAR LINEAR LINEAR LINEAR LINEAR LINEAR LINEAR LINEAR
LINEAR LINEAR LINEAR LINEAR LINEAR LINEAR LINEAR LINEAR LINEAR LINEAR LINEAR LINEAR
LINEAR LINEAR LINEAR LINEAR LINEAR LINEAR LINEAR LINEAR LINEAR LINEAR LINEAR LINEAR
LINEAR LINEAR LINEAR LINEAR LINEAR LINEAR LINEAR LINEAR LINEAR LINEAR LINEAR LINEAR
LINEAR LINEAR LINEAR LINEAR LINEAR LINEAR LINEAR LINEAR LINEAR LINEAR LINEAR LINEAR
LINEAR LINEAR</Name_array><technique_common><accessor source="#Spine-Interpolations-array" count="85"><param type="name"/></accessor></technique_common></source><sampler id="Spine-Matrix-animation-transform"><input semantic="INPUT" source="#Spine-Matrix-animation-input"/><input semantic="OUTPUT" source="#Spine-Matrix-animation-output-transform"/><input semantic="INTERPOLATION" source="#Spine-Interpolations"/></sampler><channel source="#Spine-Matrix-animation-transform" target="Spine/matrix"/></animation>
    <animation id="Spine1-anim" name="Spine1"><source id="Spine1-Matrix-animation-input"><float_array id="Spine1-Matrix-animation-input-array" count="85">

0.000000 0.033333 0.066667 0.100000 0.133333 0.166667 0.200000 0.233333 0.266667 0.300000 0.333333 0.366667 0.400000 0.433333 0.466667 0.500000
0.533333 0.566667 0.600000 0.633333 0.666667 0.700000 0.733333 0.766667 0.800000 0.833333 0.866667 0.900000 0.933333 0.966667 1.000000 1.033333
1.066667 1.100000 1.133333 1.166667 1.200000 1.233333 1.266667 1.300000 1.333333 1.366667 1.400000 1.433333 1.466667 1.500000 1.533333 1.566667
1.600000 1.633333 1.666667 1.700000 1.733333 1.766667 1.800000 1.833333 1.866667 1.900000 1.933333 1.966667 2.000000 2.033333 2.066667 2.100000
2.133333 2.166667 2.200000 2.233333 2.266667 2.300000 2.333333 2.366667 2.400000 2.433333 2.466667 2.500000 2.533333 2.566667 2.600000 2.633333
2.666667 2.700000 2.733333 2.766667 2.800000</float_array><technique_common><accessor source="#Spine1-Matrix-animation-input-array" count="85"><param name="TIME" type="float"/></accessor></technique_common></source><source id="Spine1-Matrix-animation-output-transform"><float_array id="Spine1-Matrix-animation-output-transform-array" count="1360">

0.999823 0.002918 0.018589 0.000000 0.000682 0.981643 -0.190729 11.650200 -0.018804 0.190707 0.981467 0.089700 0.000000 0.000000 0.000000 1.000000
0.999822 0.003160 0.018607 0.000000 0.000447 0.981643 -0.190729 11.650200 -0.018868 0.190703 0.981466 0.089700 0.000000 0.000000 0.000000 1.000000
0.999823 0.003360 0.018495 -0.000000 0.000230 0.981643 -0.190727 11.650200 -0.018797 0.190697 0.981469 0.089700 0.000000 0.000000 0.000000 1.000000
0.999827 0.003560 0.018242 -0.000000 -0.000015 0.981642 -0.190732 11.650200 -0.018586 0.190699 0.981473 0.089700 0.000000 0.000000 0.000000 1.000000
0.999832 0.003734 0.017962 0.000000 -0.000240 0.981640 -0.190744 11.650200 -0.018345 0.190707 0.981475 0.089700 0.000000 0.000000 0.000000 1.000000
0.999835 0.003848 0.017754 -0.000000 -0.000391 0.981642 -0.190734 11.650200 -0.018162 0.190696 0.981481 0.089700 0.000000 0.000000 0.000000 1.000000
0.999840 0.003951 0.017456 -0.000000 -0.000550 0.981657 -0.190656 11.650200 -0.017889 0.190616 0.981502 0.089700 0.000000 0.000000 0.000000 1.000000
0.999850 0.004180 0.016824 -0.000000 -0.000899 0.981691 -0.190480 11.650200 -0.017312 0.190437 0.981547 0.089700 0.000000 0.000000 0.000000 1.000000
0.999860 0.004598 0.016082 -0.000000 -0.001456 0.981743 -0.190207 11.650200 -0.016663 0.190157 0.981612 0.089700 0.000000 0.000000 0.000000 1.000000
0.999862 0.005065 0.015814 0.000000 -0.001971 0.981810 -0.189855 11.650200 -0.016488 0.189798 0.981685 0.089700 0.000000 0.000000 0.000000 1.000000
0.999857 0.005423 0.016040 0.000000 -0.002285 0.981878 -0.189499 11.650200 -0.016777 0.189435 0.981750 0.089700 0.000000 0.000000 0.000000 1.000000
0.999857 0.005674 0.015913 0.000000 -0.002560 0.981925 -0.189251 11.650200 -0.016699 0.189184 0.981800 0.089700 0.000000 0.000000 0.000000 1.000000
0.999876 0.005855 0.014622 0.000000 -0.002984 0.981950 -0.189119 11.650200 -0.015465 0.189052 0.981845 0.089700 0.000000 0.000000 0.000000 1.000000
0.999907 0.005938 0.012277 0.000000 -0.003511 0.981975 -0.188978 11.650200 -0.013178 0.188917 0.981905 0.089700 0.000000 0.000000 0.000000 1.000000
0.999935 0.005915 0.009703 -0.000000 -0.003977 0.982015 -0.188760 11.650200 -0.010645 0.188709 0.981975 0.089700 0.000000 0.000000 0.000000 1.000000
0.999954 0.005820 0.007593 0.000000 -0.004284 0.982060 -0.188519 11.650200 -0.008554 0.188478 0.982040 0.089700 0.000000 0.000000 0.000000 1.000000
0.999966 0.005689 0.006047 0.000000 -0.004449 0.982102 -0.188299 11.650200 -0.007010 0.188266 0.982093 0.089700 0.000000 0.000000 0.000000 1.000000
0.999973 0.005546 0.004880 0.000000 -0.004529 0.982147 -0.188063 11.650200 -0.005835 0.188036 0.982145 0.089700 0.000000 0.000000 0.000000 1.000000
0.999977 0.005417 0.004121 0.000000 -0.004547 0.982206 -0.187754 11.650200 -0.005064 0.187731 0.982207 0.089700 0.000000 0.000000 0.000000 1.000000
0.999978 0.005323 0.003990 -0.000000 -0.004481 0.982278 -0.187374 11.650200 -0.004917 0.187352 0.982280 0.089700 0.000000 0.000000 0.000000 1.000000
0.999976 0.005291 0.004491 0.000000 -0.004358 0.982360 -0.186951 11.650200 -0.005401 0.186927 0.982359 0.089700 0.000000 0.000000 0.000000 1.000000
0.999971 0.005371 0.005331 -0.000000 -0.004283 0.982447 -0.186494 11.650200 -0.006239 0.186466 0.982442 0.089700 0.000000 0.000000 0.000000 1.000000
0.999965 0.005597 0.006172 -0.000000 -0.004352 0.982537 -0.186019 11.650200 -0.007106 0.185985 0.982527 0.089700 0.000000 0.000000 0.000000 1.000000
0.999960 0.005885 0.006752 -0.000000 -0.004530 0.982622 -0.185563 11.650200 -0.007726 0.185525 0.982609 0.089700 0.000000 0.000000 0.000000 1.000000
0.999957 0.006054 0.006974 0.000000 -0.004658 0.982697 -0.185164 11.650200 -0.007974 0.185123 0.982683 0.089700 0.000000 0.000000 0.000000 1.000000
0.999957 0.005967 0.007044 -0.000000 -0.004563 0.982761 -0.184825 11.650200 -0.008026 0.184785 0.982746 0.089700 0.000000 0.000000 0.000000 1.000000
0.999957 0.005667 0.007320 0.000000 -0.004219 0.982816 -0.184540 11.650200 -0.008240 0.184501 0.982798 0.089700 0.000000 0.000000 0.000000 1.000000
0.999954 0.005417 0.007970 0.000000 -0.003855 0.982857 -0.184330 11.650200 -0.008832 0.184290 0.982832 0.089700 0.000000 0.000000 0.000000 1.000000
0.999945 0.005527 0.008909 -0.000000 -0.003791 0.982879 -0.184212 11.650200 -0.009775 0.184168 0.982846 0.089700 0.000000 0.000000 0.000000 1.000000
0.999933 0.006029 0.009925 0.000000 -0.004099 0.982890 -0.184150 11.650200 -0.010865 0.184096 0.982848 0.089700 0.000000 0.000000 0.000000 1.000000
0.999920 0.006686 0.010772 -0.000000 -0.004589 0.982899 -0.184089 11.650200 -0.011819 0.184025 0.982851 0.089700 0.000000 0.000000 0.000000 1.000000
0.999909 0.007332 0.011347 0.000000 -0.005119 0.982905 -0.184042 11.650200 -0.012503 0.183967 0.982853 0.089700 0.000000 0.000000 0.000000 1.000000
0.999899 0.008002 0.011754 0.000000 -0.005702 0.982895 -0.184080 11.650200 -0.013026 0.183995 0.982841 0.089700 0.000000 0.000000 0.000000 1.000000
0.999888 0.008762 0.012116 0.000000 -0.006380 0.982863 -0.184228 11.650200 -0.013523 0.184130 0.982809 0.089700 0.000000 0.000000 0.000000 1.000000
0.999876 0.009637 0.012420 0.000000 -0.007182 0.982819 -0.184431 11.650200 -0.013983 0.184319 0.982767 0.089700 0.000000 0.000000 0.000000 1.000000
0.999864 0.010659 0.012587 0.000000 -0.008153 0.982774 -0.184631 11.650200 -0.014338 0.184503 0.982727 0.089700 0.000000 0.000000 0.000000 1.000000
0.999849 0.011867 0.012677 0.000000 -0.009321 0.982733 -0.184793 11.650200 -0.014651 0.184647 0.982696 0.089700 0.000000 0.000000 0.000000 1.000000
0.999825 0.013380 0.013077 0.000000 -0.010733 0.982707 -0.184855 11.650200 -0.015325 0.184683 0.982679 0.089700 0.000000 0.000000 0.000000 1.000000
0.999776 0.015452 0.014436 0.000000 -0.012520 0.982696 -0.184800 11.650200 -0.017042 0.184578 0.982670 0.089700 0.000000 0.000000 0.000000 1.000000
0.999687 0.018159 0.017182 0.000000 -0.014674 0.982669 -0.184786 11.650200 -0.020240 0.184476 0.982629 0.089700 0.000000 0.000000 0.000000 1.000000
0.999560 0.020932 0.021020 -0.000000 -0.016683 0.982572 -0.185133 11.650200 -0.024529 0.184701 0.982489 0.089700 0.000000 0.000000 0.000000 1.000000
0.999432 0.022690 0.024931 0.000000 -0.017660 0.982372 -0.186102 11.650200 -0.028714 0.185556 0.982214 0.089700 0.000000 0.000000 0.000000 1.000000
0.999359 0.022659 0.027698 -0.000000 -0.017065 0.982083 -0.187676 11.650200 -0.031454 0.187083 0.981840 0.089700 0.000000 0.000000 0.000000 1.000000
0.999371 0.021015 0.028575 0.000000 -0.015224 0.981754 -0.189546 11.650200 -0.032037 0.188992 0.981456 0.089700 0.000000 0.000000 0.000000 1.000000
0.999439 0.018678 0.027804 0.000000 -0.013020 0.981443 -0.191312 11.650200 -0.030861 0.190843 0.981135 0.089700 0.000000 0.000000 0.000000 1.000000
0.999510 0.016579 0.026557 -0.000000 -0.011154 0.981192 -0.192713 11.650200 -0.029253 0.192322 0.980896 0.089700 0.000000 0.000000 0.000000 1.000000
0.999547 0.015146 0.026012 -0.000000 -0.009824 0.981010 -0.193711 11.650200 -0.028452 0.193367 0.980714 0.089700 0.000000 0.000000 0.000000 1.000000
0.999548 0.014332 0.026430 0.000000 -0.008925 0.980889 -0.194366 11.650200 -0.028711 0.194042 0.980573 0.089700 0.000000 0.000000 0.000000 1.000000
0.999531 0.013877 0.027309 0.000000 -0.008298 0.980829 -0.194696 11.650200 -0.029487 0.194378 0.980483 0.089700 0.000000 0.000000 0.000000 1.000000
0.999512 0.013549 0.028150 0.000000 -0.007812 0.980831 -0.194703 11.650200 -0.030248 0.194388 0.980458 0.089700 0.000000 0.000000 0.000000 1.000000
0.999498 0.013324 0.028761 -0.000000 -0.007481 0.980886 -0.194442 11.650200 -0.030802 0.194129 0.980492 0.089700 0.000000 0.000000 0.000000 1.000000
0.999488 0.013452 0.029024 0.000000 -0.007569 0.980970 -0.194009 11.650200 -0.031082 0.193690 0.980570 0.089700 0.000000 0.000000 0.000000 1.000000
0.999480 0.014147 0.028979 0.000000 -0.008278 0.981074 -0.193457 11.650200 -0.031167 0.193117 0.980681 0.089700 0.000000 0.000000 0.000000 1.000000
