<?xml version="1.0" encoding="utf-8"?>
<COLLADA xmlns="http://www.collada.org/2005/11/COLLADASchema" version="1.4.1">
  <asset><contributor><author>Mixamo</author><authoring_tool>COLLADA Mixamo exporter</authoring_tool><comments></comments></contributor><created>2021-06-09T21:29:19Z</created><modified>2021-06-09T21:29:19Z</modified><revision></revision><title></title><unit meter="0.010000"/><up_axis>Y_UP</up_axis></asset>
  <library_animations>
    <animation id="arissa_Hips-anim" name="arissa_Hips"><source id="arissa_Hips-Matrix-animation-input"><float_array id="arissa_Hips-Matrix-animation-input-array" count="36">

0.000000 0.033333 0.066667 0.100000 0.133333 0.166667 0.200000 0.233333 0.266667 0.300000 0.333333 0.366667 0.400000 0.433333 0.466667 0.500000
0.533333 0.566667 0.600000 0.633333 0.666667 0.700000 0.733333 0.766667 0.800000 0.833333 0.866667 0.900000 0.933333 0.966667 1.000000 1.033333
1.066667 1.100000 1.133333 1.166667</float_array><technique_common><accessor source="#arissa_Hips-Matrix-animation-input-array" count="36"><param name="TIME" type="float"/></accessor></technique_common></source><source id="arissa_Hips-Matrix-animation-output-transform"><float_array id="arissa_Hips-Matrix-animation-output-transform-array" count="576">

0.998657 -0.051372 -0.006740 0.051539 0.050965 0.997408 -0.050800 94.134094 0.009332 0.050388 0.998686 0.006738 0.000000 0.000000 0.000000 1.000000
0.998614 -0.052611 -0.001409 0.150834 0.052350 0.995705 -0.076365 94.274117 0.005421 0.076186 0.997079 -0.702377 0.000000 0.000000 0.000000 1.000000
0.998972 -0.045315 0.000927 0.273823 0.045192 0.994295 -0.096619 93.930267 0.003456 0.096561 0.995321 -1.296479 0.000000 0.000000 0.000000 1.000000
0.999610 -0.027910 -0.000646 0.464179 0.027666 0.993454 -0.110834 92.991867 0.003735 0.110773 0.993839 -1.637507 0.000000 0.000000 0.000000 1.000000
0.999969 -0.003435 -0.007069 0.781956 0.002560 0.992729 -0.120347 91.553650 0.007431 0.120325 0.992707 -1.636076 0.000000 0.000000 0.000000 1.000000
0.999652 0.018778 -0.018541 1.269213 -0.020992 0.991618 -0.127488 89.981476 0.015991 0.127833 0.991667 -1.328423 0.000000 0.000000 0.000000 1.000000
0.998889 0.031289 -0.035236 1.958310 -0.035682 0.990627 -0.131849 88.603645 0.030781 0.132960 0.990643 -0.715378 0.000000 0.000000 0.000000 1.000000
0.997983 0.030673 -0.055582 2.841603 -0.037639 0.990935 -0.128961 87.552193 0.051123 0.130793 0.990091 0.185418 0.000000 0.000000 0.000000 1.000000
0.996968 0.019116 -0.075427 3.901739 -0.027668 0.993094 -0.114013 86.744408 0.072727 0.115755 0.990612 1.335298 0.000000 0.000000 0.000000 1.000000
0.996037 0.001214 -0.088934 5.107060 -0.009014 0.996136 -0.087363 86.193039 0.088484 0.087819 0.992199 2.575263 0.000000 0.000000 0.000000 1.000000
0.995452 -0.016742 -0.093782 6.386236 0.011535 0.998376 -0.055791 85.973404 0.094563 0.054456 0.994028 3.649323 0.000000 0.000000 0.000000 1.000000
0.995244 -0.029583 -0.092817 7.575556 0.027087 0.999240 -0.028036 86.303650 0.093576 0.025388 0.995288 4.215638 0.000000 0.000000 0.000000 1.000000
0.995439 -0.031290 -0.090126 8.509576 0.030606 0.999491 -0.008954 87.364868 0.090360 0.006155 0.995890 4.229455 0.000000 0.000000 0.000000 1.000000
0.996024 -0.021911 -0.086348 9.094277 0.022185 0.999751 0.002226 88.956276 0.086278 -0.004132 0.996263 3.796642 0.000000 0.000000 0.000000 1.000000
0.996801 -0.006970 -0.079620 9.367379 0.007656 0.999936 0.008314 90.699013 0.079557 -0.008897 0.996791 3.083610 0.000000 0.000000 0.000000 1.000000
0.997408 0.007233 -0.071593 9.465001 -0.006536 0.999929 0.009969 92.286804 0.071660 -0.009475 0.997384 2.236652 0.000000 0.000000 0.000000 1.000000
0.997451 0.018043 -0.069031 9.535323 -0.017696 0.999828 0.005628 93.536270 0.069121 -0.004392 0.997599 1.359125 0.000000 0.000000 0.000000 1.000000
0.996744 0.023987 -0.076979 9.651618 -0.024472 0.999686 -0.005372 94.310684 0.076825 0.007239 0.997018 0.515724 0.000000 0.000000 0.000000 1.000000
0.995549 0.021138 -0.091840 9.790789 -0.023107 0.999524 -0.020423 94.450035 0.091365 0.022454 0.995564 -0.219533 0.000000 0.000000 0.000000 1.000000
0.994584 0.005133 -0.103807 9.884772 -0.008750 0.999369 -0.034414 93.825279 0.103565 0.035136 0.994002 -0.739041 0.000000 0.000000 0.000000 1.000000
0.994060 -0.023195 -0.106335 9.881119 0.018756 0.998918 -0.042554 92.464607 0.107207 0.040306 0.993419 -0.951897 0.000000 0.000000 0.000000 1.000000
0.993256 -0.055416 -0.101843 9.757273 0.051198 0.997737 -0.043581 90.657761 0.104027 0.038073 0.993845 -0.856296 0.000000 0.000000 0.000000 1.000000
0.992166 -0.078316 -0.097332 9.500780 0.074648 0.996376 -0.040780 88.853539 0.100173 0.033195 0.994416 -0.562929 0.000000 0.000000 0.000000 1.000000
0.991894 -0.084764 -0.094668 9.064700 0.081533 0.995965 -0.037497 87.430756 0.097464 0.029474 0.994802 -0.138252 0.000000 0.000000 0.000000 1.000000
0.993099 -0.076194 -0.089159 8.394897 0.073578 0.996767 -0.032264 86.502007 0.091329 0.025481 0.995495 0.450749 0.000000 0.000000 0.000000 1.000000
0.995212 -0.059455 -0.077580 7.489018 0.058000 0.998098 -0.020875 85.964523 0.078673 0.016275 0.996768 1.263052 0.000000 0.000000 0.000000 1.000000
0.997067 -0.040313 -0.065052 6.413245 0.040228 0.999187 -0.002603 85.723236 0.065104 -0.000022 0.997879 2.185322 0.000000 0.000000 0.000000 1.000000
0.997961 -0.023734 -0.059254 5.253537 0.024777 0.999550 0.016937 85.671967 0.058825 -0.018371 0.998099 3.020313 0.000000 0.000000 0.000000 1.000000
0.998077 -0.012344 -0.060742 4.104784 0.014150 0.999468 0.029398 85.942383 0.060347 -0.030201 0.997720 3.517453 0.000000 0.000000 0.000000 1.000000
0.998160 -0.007993 -0.060100 3.047907 0.009839 0.999487 0.030492 86.642708 0.059825 -0.031028 0.997727 3.580093 0.000000 0.000000 0.000000 1.000000
0.998759 -0.010949 -0.048588 2.152873 0.012075 0.999664 0.022957 87.796890 0.048320 -0.023515 0.998555 3.287345 0.000000 0.000000 0.000000 1.000000
0.999415 -0.019496 -0.028085 1.467610 0.019856 0.999724 0.012594 89.260284 0.027831 -0.013144 0.999526 2.782278 0.000000 0.000000 0.000000 1.000000
0.999491 -0.030615 -0.009022 0.986739 0.030633 0.999529 0.001938 90.822861 0.008958 -0.002214 0.999957 2.171182 0.000000 0.000000 0.000000 1.000000
0.999153 -0.041138 0.000251 0.642959 0.041138 0.999093 -0.011033 92.252518 0.000203 0.011034 0.999939 1.498343 0.000000 0.000000 0.000000 1.000000
0.998821 -0.048548 -0.000475 0.350318 0.048514 0.998412 -0.028639 93.379379 0.001865 0.028582 0.999590 0.774583 0.000000 0.000000 0.000000 1.000000
0.998657 -0.051372 -0.006740 0.051539 0.050965 0.997408 -0.050800 94.134094 0.009332 0.050388 0.998686 0.006738 0.000000 0.000000 0.000000 1.000000</float_array><technique_common><accessor source="#arissa_Hips-Matrix-animation-output-transform-array" count="36" stride="16"><param type="float4x4"/></accessor></technique_common></source><source id="arissa_Hips-Interpolations"><Name_array id="arissa_Hips-Interpolations-array" count="36">
 LINEAR LINEAR LINEAR LINEAR LINEAR LINEAR LINEAR LINEAR LINEAR LINEAR LINEAR
LINEAR LINEAR LINEAR LINEAR LINEAR LINEAR LINEAR LINEAR LINEAR LINEAR LINEAR LINEAR
LINEAR LINEAR LINEAR LINEAR LINEAR LINEAR LINEAR LINEAR LINEAR LINEAR LINEAR LINEAR
LINEAR</Name_array><technique_common><accessor source="#arissa_Hips-Interpolations-array" count="36"><param type="name"/></accessor></technique_common></source><sampler id="arissa_Hips-Matrix-animation-transform"><input semantic="INPUT" source="#arissa_Hips-Matrix-animation-input"/><input semantic="OUTPUT" source="#arissa_Hips-Matrix-animation-output-transform"/><input semantic="INTERPOLATION" source="#arissa_Hips-Interpolations"/></sampler><channel source="#arissa_Hips-Matrix-animation-transform" target="arissa_Hips/matrix"/></animation>
    <animation id="arissa_Spine-anim" name="arissa_Spine"><source id="arissa_Spine-Matrix-animation-input"><float_array id="arissa_Spine-Matrix-animation-input-array" count="36">

0.000000 0.033333 0.066667 0.100000 0.133333 0.166667 0.200000 0.233333 0.266667 0.300000 0.333333 0.366667 0.400000 0.433333 0.466667 0.500000
0.533333 0.566667 0.600000 0.633333 0.666667 0.700000 0.733333 0.766667 0.800000 0.833333 0.866667 0.900000 0.933333 0.966667 1.000000 1.033333
1.066667 1.100000 1.133333 1.166667</float_array><technique_common><accessor source="#arissa_Spine-Matrix-animation-input-array" count="36"><param name="TIME" type="float"/></accessor></technique_common></source><source id="arissa_Spine-Matrix-animation-output-transform"><float_array id="arissa_Spine-Matrix-animation-output-transform-array" count="576">

0.999433 -0.012067 0.031418 0.000000 0.015233 0.994610 -0.102560 9.226300 -0.030011 0.102980 0.994231 1.577100 0.000000 0.000000 0.000000 1.000000
0.999217 -0.003777 0.039394 0.000000 0.007486 0.995503 -0.094432 9.226300 -0.038860 0.094653 0.994752 1.577100 0.000000 0.000000 0.000000 1.000000
0.998916 -0.000801 0.046551 -0.000000 0.004981 0.995953 -0.089742 9.226300 -0.046291 0.089877 0.994877 1.577100 0.000000 0.000000 0.000000 1.000000
0.998558 -0.005134 0.053441 0.000000 0.009741 0.996221 -0.086307 9.226300 -0.052796 0.086703 0.994834 1.577100 0.000000 0.000000 0.000000 1.000000
0.998033 -0.015084 0.060845 0.000000 0.020020 0.996485 -0.081345 9.226300 -0.059404 0.082403 0.994827 1.577100 0.000000 0.000000 0.000000 1.000000
0.997387 -0.022723 0.068571 0.000000 0.027785 0.996887 -0.073792 9.226300 -0.066681 0.075504 0.994913 1.577100 0.000000 0.000000 0.000000 1.000000
0.996879 -0.020785 0.076162 0.000000 0.025808 0.997514 -0.065571 9.226300 -0.074609 0.067331 0.994937 1.577100 0.000000 0.000000 0.000000 1.000000
0.996602 -0.005756 0.082167 -0.000000 0.010740 0.998120 -0.060347 9.226300 -0.081665 0.061024 0.994790 1.577100 0.000000 0.000000 0.000000 1.000000
0.996220 0.018492 0.084870 -0.000000 -0.013339 0.998056 -0.060882 9.226300 -0.085831 0.059520 0.994530 1.577100 0.000000 0.000000 0.000000 1.000000
0.995633 0.043854 0.082407 0.000000 -0.038331 0.996987 -0.067441 9.226300 -0.085116 0.063987 0.994314 1.577100 0.000000 0.000000 0.000000 1.000000
0.995267 0.061889 0.074919 -0.000000 -0.056039 0.995391 -0.077819 9.226300 -0.079390 0.073252 0.994149 1.577100 0.000000 0.000000 0.000000 1.000000
0.995524 0.069445 0.064100 -0.000000 -0.063607 0.993997 -0.089012 9.226300 -0.069896 0.084537 0.993966 1.577100 0.000000 0.000000 0.000000 1.000000
0.996508 0.065436 0.051866 -0.000000 -0.060089 0.993301 -0.098700 9.226300 -0.057977 0.095239 0.993765 1.577100 0.000000 0.000000 0.000000 1.000000
0.997796 0.053696 0.038994 0.000000 -0.049284 0.993098 -0.106432 9.226300 -0.044440 0.104275 0.993555 1.577100 0.000000 0.000000 0.000000 1.000000
0.998880 0.039946 0.025345 -0.000000 -0.036844 0.992927 -0.112869 9.226300 -0.029674 0.111809 0.993287 1.577100 0.000000 0.000000 0.000000 1.000000
0.999534 0.028249 0.011524 -0.000000 -0.026691 0.992630 -0.118207 9.226300 -0.014778 0.117845 0.992922 1.577100 0.000000 0.000000 0.000000 1.000000
0.999818 0.019063 -0.000493 0.000000 -0.018982 0.992400 -0.121582 9.226300 -0.001828 0.121569 0.992581 1.577100 0.000000 0.000000 0.000000 1.000000
0.999875 0.012740 -0.009313 0.000000 -0.013782 0.992426 -0.122065 9.226300 0.007687 0.122178 0.992478 1.577100 0.000000 0.000000 0.000000 1.000000
0.999792 0.012650 -0.016014 -0.000000 -0.014479 0.992699 -0.119742 9.226300 0.014382 0.119949 0.992676 1.577100 0.000000 0.000000 0.000000 1.000000
0.999477 0.022570 -0.023170 0.000000 -0.025106 0.992961 -0.115754 9.226300 0.020394 0.116275 0.993008 1.577100 0.000000 0.000000 0.000000 1.000000
0.998635 0.041307 -0.031973 -0.000000 -0.044635 0.992758 -0.111527 9.226300 0.027134 0.112802 0.993247 1.577100 0.000000 0.000000 0.000000 1.000000
0.997296 0.061058 -0.040893 0.000000 -0.065172 0.991984 -0.108264 9.226300 0.033955 0.110636 0.993281 1.577100 0.000000 0.000000 0.000000 1.000000
0.996410 0.070232 -0.047274 -0.000000 -0.074950 0.991449 -0.106826 9.226300 0.039367 0.109986 0.993153 1.577100 0.000000 0.000000 0.000000 1.000000
0.996705 0.062999 -0.051092 -0.000000 -0.068198 0.991875 -0.107391 9.226300 0.043911 0.110522 0.992903 1.577100 0.000000 0.000000 0.000000 1.000000
0.997701 0.040865 -0.054063 0.000000 -0.046628 0.992833 -0.110034 9.226300 0.049179 0.112302 0.992456 1.577100 0.000000 0.000000 0.000000 1.000000
0.998353 0.010590 -0.056392 -0.000000 -0.017053 0.993174 -0.115391 9.226300 0.054785 0.116162 0.991718 1.577100 0.000000 0.000000 0.000000 1.000000
0.998269 -0.020475 -0.055134 0.000000 0.013526 0.992242 -0.123584 9.226300 0.057237 0.122624 0.990801 1.577100 0.000000 0.000000 0.000000 1.000000
0.997825 -0.044737 -0.048417 0.000000 0.037975 0.990450 -0.132542 9.226300 0.053884 0.130415 0.989994 1.577100 0.000000 0.000000 0.000000 1.000000
0.997579 -0.058694 -0.037303 0.000000 0.052986 0.988878 -0.138972 9.226300 0.045045 0.136659 0.989594 1.577100 0.000000 0.000000 0.000000 1.000000
0.997684 -0.062917 -0.025840 0.000000 0.058678 0.988297 -0.140804 9.226300 0.034397 0.138962 0.989700 1.577100 0.000000 0.000000 0.000000 1.000000
0.998026 -0.060497 -0.016882 0.000000 0.057590 0.988696 -0.138431 9.226300 0.025066 0.137185 0.990228 1.577100 0.000000 0.000000 0.000000 1.000000
0.998486 -0.054107 -0.009895 0.000000 0.052304 0.989648 -0.133647 9.226300 0.017023 0.132927 0.990980 1.577100 0.000000 0.000000 0.000000 1.000000
0.998992 -0.044834 -0.002303 0.000000 0.044172 0.990824 -0.127735 9.226300 0.008009 0.127504 0.991806 1.577100 0.000000 0.000000 0.000000 1.000000
0.999413 -0.033442 0.007469 -0.000000 0.034099 0.992099 -0.120733 9.226300 -0.003373 0.120917 0.992657 1.577100 0.000000 0.000000 0.000000 1.000000
0.999581 -0.021772 0.019076 -0.000000 0.023781 0.993387 -0.112326 9.226300 -0.016505 0.112733 0.993488 1.577100 0.000000 0.000000 0.000000 1.000000
0.999433 -0.012067 0.031418 0.000000 0.015233 0.994610 -0.102560 9.226300 -0.030011 0.102980 0.994231 1.577100 0.000000 0.000000 0.000000 1.000000</float_array><technique_common><accessor source="#arissa_Spine-Matrix-animation-output-transform-array" count="36" stride="16"><param type="float4x4"/></accessor></technique_common></source><source id="arissa_Spine-Interpolations"><Name_array id="arissa_Spine-Interpolations-array" count="36">
 LINEAR LINEAR LINEAR LINEAR LINEAR LINEAR LINEAR LINEAR LINEAR LINEAR LINEAR
LINEAR LINEAR LINEAR LINEAR LINEAR LINEAR LINEAR LINEAR LINEAR LINEAR LINEAR LINEAR
LINEAR LINEAR LINEAR LINEAR LINEAR LINEAR LINEAR LINEAR LINEAR LINEAR LINEAR LINEAR
LINEAR</Name_array><technique_common><accessor source="#arissa_Spine-Interpolations-array" count="36"><param type="name"/></accessor></technique_common></source><sampler id="arissa_Spine-Matrix-animation-transform"><input semantic="INPUT" source="#arissa_Spine-Matrix-animation-input"/><input semantic="OUTPUT" source="#arissa_Spine-Matrix-animation-output-transform"/><input semantic="INTERPOLATION" source="#arissa_Spine-Interpolations"/></sampler><channel source="#arissa_Spine-Matrix-animation-transform" target="arissa_Spine/matrix"/></animation>
    <animation id="arissa_Spine1-anim" name="arissa_Spine1"><source id="arissa_Spine1-Matrix-animation-input"><float_array id="arissa_Spine1-Matrix-animation-input-array" count="36">

0.000000 0.033333 0.066667 0.100000 0.133333 0.166667 0.200000 0.233333 0.266667 0.300000 0.333333 0.366667 0.400000 0.433333 0.466667 0.500000
0.533333 0.566667 0.600000 0.633333 0.666667 0.700000 0.733333 0.766667 0.800000 0.833333 0.866667 0.900000 0.933333 0.966667 1.000000 1.033333
1.066667 1.100000 1.133333 1.166667</float_array><technique_common><accessor source="#arissa_Spine1-Matrix-animation-input-array" count="36"><param name="TIME" type="float"/></accessor></technique_common></source><source id="arissa_Spine1-Matrix-animation-output-transform"><float_array id="arissa_Spine1-Matrix-animation-output-transform-array" count="576">

0.999688 0.010687 0.022582 0.000000 -0.008793 0.996564 -0.082356 16.254000 -0.023385 0.082132 0.996347 -0.165600 0.000000 0.000000 0.000000 1.000000
0.999403 0.018488 0.029175 0.000000 -0.016237 0.997007 -0.075583 16.254000 -0.030485 0.075064 0.996713 -0.165600 0.000000 0.000000 0.000000 1.000000
0.999136 0.022634 0.034850 -0.000000 -0.020099 0.997241 -0.071459 16.254000 -0.036371 0.070697 0.996835 -0.165600 0.000000 0.000000 0.000000 1.000000
0.998972 0.022635 0.039277 0.000000 -0.019919 0.997472 -0.068212 16.254000 -0.040722 0.067360 0.996897 -0.165600 0.000000 0.000000 0.000000 1.000000
0.998880 0.020018 0.042871 0.000000 -0.017264 0.997821 -0.063673 16.254000 -0.044052 0.062862 0.997050 -0.165600 0.000000 0.000000 0.000000 1.000000
0.998727 0.018251 0.047032 0.000000 -0.015559 0.998255 -0.056972 16.254000 -0.047990 0.056167 0.997267 -0.165600 0.000000 0.000000 0.000000 1.000000
0.998385 0.020251 0.053075 0.000000 -0.017618 0.998613 -0.049621 16.254000 -0.054006 0.048606 0.997357 -0.165600 0.000000 0.000000 0.000000 1.000000
0.997823 0.026428 0.060424 -0.000000 -0.023751 0.998723 -0.044599 16.254000 -0.061525 0.043067 0.997176 -0.165600 0.000000 0.000000 0.000000 1.000000
0.997196 0.035102 0.066090 -0.000000 -0.032203 0.998493 -0.044435 16.254000 -0.067551 0.042183 0.996824 -0.165600 0.000000 0.000000 0.000000 1.000000
0.996786 0.044209 0.066814 -0.000000 -0.040929 0.997926 -0.049683 16.254000 -0.068871 0.046789 0.996528 -0.165600 0.000000 0.000000 0.000000 1.000000
0.996724 0.051872 0.062048 -0.000000 -0.048242 0.997113 -0.058634 16.254000 -0.064910 0.055449 0.996349 -0.165600 0.000000 0.000000 0.000000 1.000000
0.996959 0.055957 0.054235 0.000000 -0.052193 0.996286 -0.068487 16.254000 -0.057866 0.065448 0.996177 -0.165600 0.000000 0.000000 0.000000 1.000000
0.997452 0.054682 0.045825 0.000000 -0.051039 0.995706 -0.077225 16.254000 -0.049851 0.074689 0.995960 -0.165600 0.000000 0.000000 0.000000 1.000000
0.998160 0.048209 0.036788 0.000000 -0.044960 0.995404 -0.084552 16.254000 -0.040695 0.082742 0.995740 -0.165600 0.000000 0.000000 0.000000 1.000000
0.998920 0.038676 0.025734 0.000000 -0.036187 0.995190 -0.091030 16.254000 -0.029131 0.090001 0.995516 -0.165600 0.000000 0.000000 0.000000 1.000000
0.999521 0.028151 0.012828 0.000000 -0.026784 0.994967 -0.096555 16.254000 -0.015482 0.096165 0.995245 -0.165600 0.000000 0.000000 0.000000 1.000000
0.999849 0.017358 0.000502 -0.000000 -0.017221 0.994832 -0.100060 16.254000 -0.002236 0.100036 0.994981 -0.165600 0.000000 0.000000 0.000000 1.000000
0.999937 0.006963 -0.008794 -0.000000 -0.007813 0.994892 -0.100644 16.254000 0.008048 0.100707 0.994884 -0.165600 0.000000 0.000000 0.000000 1.000000
0.999891 -0.000827 -0.014747 -0.000000 -0.000630 0.995136 -0.098512 16.254000 0.014757 0.098511 0.995027 -0.165600 0.000000 0.000000 0.000000 1.000000
0.999818 -0.003303 -0.018799 0.000000 0.001506 0.995494 -0.094807 16.254000 0.019027 0.094762 0.995318 -0.165600 0.000000 0.000000 0.000000 1.000000
0.999752 -0.000202 -0.022258 0.000000 -0.001822 0.995859 -0.090896 16.254000 0.022184 0.090914 0.995612 -0.165600 0.000000 0.000000 0.000000 1.000000
0.999662 0.004971 -0.025526 -0.000000 -0.007196 0.996109 -0.087834 16.254000 0.024990 0.087988 0.995808 -0.165600 0.000000 0.000000 0.000000 1.000000
0.999552 0.007182 -0.029042 0.000000 -0.009661 0.996236 -0.086144 16.254000 0.028313 0.086386 0.995859 -0.165600 0.000000 0.000000 0.000000 1.000000
0.999419 0.003664 -0.033882 -0.000000 -0.006568 0.996276 -0.085973 16.254000 0.033441 0.086146 0.995721 -0.165600 0.000000 0.000000 0.000000 1.000000
0.999174 -0.004404 -0.040401 0.000000 0.000846 0.996149 -0.087670 16.254000 0.040632 0.087564 0.995330 -0.165600 0.000000 0.000000 0.000000 1.000000
0.998827 -0.013657 -0.046463 0.000000 0.009339 0.995724 -0.091907 16.254000 0.047520 0.091365 0.994683 -0.165600 0.000000 0.000000 0.000000 1.000000
0.998601 -0.021439 -0.048333 0.000000 0.016586 0.994983 -0.098657 16.254000 0.050206 0.097717 0.993947 -0.165600 0.000000 0.000000 0.000000 1.000000
0.998663 -0.026860 -0.044166 0.000000 0.022041 0.994102 -0.106185 16.254000 0.046758 0.105069 0.993365 -0.165600 0.000000 0.000000 0.000000 1.000000
0.998905 -0.029785 -0.036073 0.000000 0.025589 0.993418 -0.111654 16.254000 0.039161 0.110608 0.993092 -0.165600 0.000000 0.000000 0.000000 1.000000
0.999161 -0.029944 -0.027925 0.000000 0.026602 0.993217 -0.113195 16.254000 0.031126 0.112357 0.993180 -0.165600 0.000000 0.000000 0.000000 1.000000
0.999399 -0.027228 -0.021473 0.000000 0.024677 0.993489 -0.111219 16.254000 0.024361 0.110623 0.993564 -0.165600 0.000000 0.000000 0.000000 1.000000
0.999638 -0.022073 -0.015363 -0.000000 0.020297 0.994003 -0.107456 16.254000 0.017643 0.107105 0.994091 -0.165600 0.000000 0.000000 0.000000 1.000000
0.999856 -0.015140 -0.007613 0.000000 0.014276 0.994581 -0.102978 16.254000 0.009131 0.102855 0.994654 -0.165600 0.000000 0.000000 0.000000 1.000000
0.999973 -0.006982 0.002064 0.000000 0.007150 0.995205 -0.097546 16.254000 -0.001373 0.097559 0.995229 -0.165600 0.000000 0.000000 0.000000 1.000000
0.999920 0.001834 0.012512 -0.000000 -0.000692 0.995882 -0.090660 16.254000 -0.012627 0.090644 0.995803 -0.165600 0.000000 0.000000 0.000000 1.000000
0.999688 0.010687 0.022582 -0.000000 -0.008793 0.996564 -0.082356 16.254000 -0.023385 0.082132 0.996347 -0.165600 0.000000 0.000000 0.000000 1.000000</float_array><technique_common><accessor source="#arissa_Spine1-Matrix-animation-output-transform-array" count="36" stride="16"><param type="float4x4"/></accessor></technique_common></source><source id="arissa_Spine1-Interpolations"><Name_array id="arissa_Spine1-Interpolations-array" count="36">
 LINEAR LINEAR LINEAR LINEAR LINEAR LINEAR LINEAR LINEAR LINEAR LINEAR LINEAR
LINEAR LINEAR LINEAR LINEAR LINEAR LINEAR LINEAR LINEAR LINEAR LINEAR LINEAR LINEAR
LINEAR LINEAR LINEAR LINEAR LINEAR LINEAR LINEAR LINEAR LINEAR LINEAR LINEAR LINEAR
LINEAR</Name_array><technique_common><accessor source="#arissa_Spine1-Interpolations-array" count="36"><param type="name"/></accessor></technique_common></source><sampler id="arissa_Spine1-Matrix-animation-transform"><input semantic="INPUT" source="#arissa_Spine1-Matrix-animation-input"/><input semantic="OUTPUT" source="#arissa_Spine1-Matrix-animation-output-transform"/><input semantic="INTERPOLATION" source="#arissa_Spine1-Interpolations"/></sampler><channel source="#arissa_Spine1-Matrix-animation-transform" target="arissa_Spine1/matrix"/></animation>
    <animation id="arissa_Spine2-anim" name="arissa_Spine2"><source id="arissa_Spine2-Matrix-animation-input"><float_array id="arissa_Spine2-Matrix-animation-input-array" count="36">

0.000000 0.033333 0.066667 0.100000 0.133333 0.166667 0.200000 0.233333 0.266667 0.300000 0.333333 0.366667 0.400000 0.433333 0.466667 0.500000
0.533333 0.566667 0.600000 0.633333 0.666667 0.700000 0.733333 0.766667 0.800000 0.833333 0.866667 0.900000 0.933333 0.966667 1.000000 1.033333
1.066667 1.100000 1.133333 1.166667</float_array><technique_common><accessor source="#arissa_Spine2-Matrix-animation-input-array" count="36"><param name="TIME" type="float"/></accessor></technique_common></source><source id="arissa_Spine2-Matrix-animation-output-transform"><float_array id="arissa_Spine2-Matrix-animation-output-transform-array" count="576">

0.999679 0.010862 0.022874 0.000000 -0.008946 0.996571 -0.082257 13.639600 -0.023689 0.082026 0.996349 -1.292300 0.000000 0.000000 0.000000 1.000000
0.999391 0.018735 0.029430 -0.000000 -0.016469 0.997016 -0.075424 13.639600 -0.030755 0.074894 0.996717 -1.292300 0.000000 0.000000 0.000000 1.000000
0.999118 0.023000 0.035120 -0.000000 -0.020454 0.997251 -0.071216 13.639600 -0.036661 0.070435 0.996842 -1.292300 0.000000 0.000000 0.000000 1.000000
0.998947 0.023187 0.039589 -0.000000 -0.020464 0.997485 -0.067863 13.639600 -0.041063 0.066981 0.996909 -1.292300 0.000000 0.000000 0.000000 1.000000
0.998850 0.020834 0.043181 0.000000 -0.018080 0.997836 -0.063222 13.639600 -0.044404 0.062369 0.997065 -1.292300 0.000000 0.000000 0.000000 1.000000
0.998697 0.019386 0.047212 -0.000000 -0.016708 0.998264 -0.056470 13.639600 -0.048225 0.055607 0.997287 -1.292300 0.000000 0.000000 0.000000 1.000000
0.998360 0.021690 0.052974 0.000000 -0.019086 0.998608 -0.049169 13.639600 -0.053967 0.048078 0.997385 -1.292300 0.000000 0.000000 0.000000 1.000000
0.997806 0.028030 0.059981 -0.000000 -0.025392 0.998695 -0.044308 13.639600 -0.061145 0.042688 0.997216 -1.292300 0.000000 0.000000 0.000000 1.000000
0.997188 0.036626 0.065383 -0.000000 -0.033764 0.998445 -0.044362 13.639600 -0.066907 0.042030 0.996874 -1.292300 0.000000 0.000000 0.000000 1.000000
0.996785 0.045431 0.065994 0.000000 -0.042184 0.997868 -0.049797 13.639600 -0.068116 0.046853 0.996577 -1.292300 0.000000 0.000000 0.000000 1.000000
0.996730 0.052725 0.061238 -0.000000 -0.049128 0.997058 -0.058838 13.639600 -0.064160 0.055637 0.996387 -1.292300 0.000000 0.000000 0.000000 1.000000
0.996966 0.056534 0.053500 0.000000 -0.052807 0.996241 -0.068672 13.639600 -0.057181 0.065638 0.996204 -1.292300 0.000000 0.000000 0.000000 1.000000
0.997457 0.055097 0.045211 0.000000 -0.051493 0.995674 -0.077337 13.639600 -0.049277 0.074812 0.995979 -1.292300 0.000000 0.000000 0.000000 1.000000
0.998163 0.048485 0.036334 -0.000000 -0.045270 0.995385 -0.084612 13.639600 -0.040268 0.082812 0.995751 -1.292300 0.000000 0.000000 0.000000 1.000000
0.998925 0.038770 0.025414 0.000000 -0.036307 0.995181 -0.091089 13.639600 -0.028823 0.090068 0.995518 -1.292300 0.000000 0.000000 0.000000 1.000000
0.999528 0.028056 0.012529 -0.000000 -0.026717 0.994962 -0.096623 13.639600 -0.015177 0.096243 0.995242 -1.292300 0.000000 0.000000 0.000000 1.000000
0.999853 0.017138 0.000091 -0.000000 -0.017043 0.994831 -0.100106 13.639600 -0.001806 0.100090 0.994977 -1.292300 0.000000 0.000000 0.000000 1.000000
0.999934 0.006697 -0.009385 0.000000 -0.007608 0.994894 -0.100641 13.639600 0.008663 0.100706 0.994878 -1.292300 0.000000 0.000000 0.000000 1.000000
0.999879 -0.001110 -0.015516 -0.000000 -0.000423 0.995141 -0.098461 13.639600 0.015550 0.098456 0.995020 -1.292300 0.000000 0.000000 0.000000 1.000000
0.999798 -0.003632 -0.019751 0.000000 0.001746 0.995503 -0.094712 13.639600 0.020006 0.094659 0.995309 -1.292300 0.000000 0.000000 0.000000 1.000000
0.999725 -0.000629 -0.023447 0.000000 -0.001501 0.995872 -0.090751 13.639600 0.023408 0.090762 0.995598 -1.292300 0.000000 0.000000 0.000000 1.000000
0.999626 0.004404 -0.026988 -0.000000 -0.006754 0.996130 -0.087629 13.639600 0.026498 0.087779 0.995788 -1.292300 0.000000 0.000000 0.000000 1.000000
0.999509 0.006460 -0.030671 0.000000 -0.009074 0.996266 -0.085864 13.639600 0.030001 0.086100 0.995835 -1.292300 0.000000 0.000000 0.000000 1.000000
0.999369 0.002816 -0.035415 0.000000 -0.005841 0.996311 -0.085617 13.639600 0.035043 0.085770 0.995699 -1.292300 0.000000 0.000000 0.000000 1.000000
0.999122 -0.005290 -0.041564 0.000000 0.001644 0.996183 -0.087271 13.639600 0.041867 0.087126 0.995317 -1.292300 0.000000 0.000000 0.000000 1.000000
0.998783 -0.014443 -0.047149 0.000000 0.010078 0.995751 -0.091529 13.639600 0.048270 0.090942 0.994686 -1.292300 0.000000 0.000000 0.000000 1.000000
0.998574 -0.022017 -0.048629 0.000000 0.017148 0.995003 -0.098364 13.639600 0.050552 0.097390 0.993962 -1.292300 0.000000 0.000000 0.000000 1.000000
0.998650 -0.027223 -0.044248 0.000000 0.022403 0.994114 -0.106002 13.639600 0.046874 0.104868 0.993381 -1.292300 0.000000 0.000000 0.000000 1.000000
0.998898 -0.030020 -0.036081 0.000000 0.025827 0.993423 -0.111549 13.639600 0.039192 0.110495 0.993104 -1.292300 0.000000 0.000000 0.000000 1.000000
0.999155 -0.030153 -0.027928 0.000000 0.026812 0.993220 -0.113116 13.639600 0.031150 0.112272 0.993189 -1.292300 0.000000 0.000000 0.000000 1.000000
0.999392 -0.027453 -0.021479 0.000000 0.024902 0.993492 -0.111144 13.639600 0.024391 0.110541 0.993572 -1.292300 0.000000 0.000000 0.000000 1.000000
0.999634 -0.022295 -0.015340 0.000000 0.020522 0.994005 -0.107391 13.639600 0.017642 0.107037 0.994099 -1.292300 0.000000 0.000000 0.000000 1.000000
0.999854 -0.015317 -0.007513 -0.000000 0.014463 0.994584 -0.102929 13.639600 0.009049 0.102806 0.994660 -1.292300 0.000000 0.000000 0.000000 1.000000
0.999972 -0.007076 0.002264 0.000000 0.007263 0.995209 -0.097499 13.639600 -0.001563 0.097512 0.995233 -1.292300 0.000000 0.000000 0.000000 1.000000
0.999917 0.001857 0.012786 -0.000000 -0.000691 0.995888 -0.090592 13.639600 -0.012902 0.090576 0.995806 -1.292300 0.000000 0.000000 0.000000 1.000000
0.999679 0.010862 0.022874 0.000000 -0.008946 0.996571 -0.082257 13.639600 -0.023689 0.082026 0.996349 -1.292300 0.000000 0.000000 0.000000 1.000000</float_array><technique_common><accessor source="#arissa_Spine2-Matrix-animation-output-transform-array" count="36" stride="16"><param type="float4x4"/></accessor></technique_common></source><source id="arissa_Spine2-Interpolations"><Name_array id="arissa_Spine2-Interpolations-array" count="36">
 LINEAR LINEAR LINEAR LINEAR LINEAR LINEAR LINEAR LINEAR LINEAR LINEAR LINEAR
LINEAR LINEAR LINEAR LINEAR LINEAR LINEAR LINEAR LINEAR LINEAR LINEAR LINEAR LINEAR
LINEAR LINEAR LINEAR LINEAR LINEAR LINEAR LINEAR LINEAR LINEAR LINEAR LINEAR LINEAR
LINEAR</Name_array><technique_common><accessor source="#arissa_Spine2-Interpolations-array" count="36"><param type="name"/></accessor></technique_common></source><sampler id="arissa_Spine2-Matrix-animation-transform"><input semantic="INPUT" source="#arissa_Spine2-Matrix-animation-input"/><input semantic="OUTPUT" source="#arissa_Spine2-Matrix-animation-output-transform"/><input semantic="INTERPOLATION" source="#arissa_Spine2-Interpolations"/></sampler><channel source="#arissa_Spine2-Matrix-animation-transform" target="arissa_Spine2/matrix"/></animation>
    <animation id="arissa_Neck-anim" name="arissa_Neck"><source id="arissa_Neck-Matrix-animation-input"><float_array id="arissa_Neck-Matrix-animation-input-array" count="36">

0.000000 0.033333 0.066667 0.100000 0.133333 0.166667 0.200000 0.233333 0.266667 0.300000 0.333333 0.366667 0.400000 0.433333 0.466667 0.500000
0.533333 0.566667 0.600000 0.633333 0.666667 0.700000 0.733333 0.766667 0.800000 0.833333 0.866667 0.900000 0.933333 0.966667 1.000000 1.033333
1.066667 1.100000 1.133333 1.166667</float_array><technique_common><accessor source="#arissa_Neck-Matrix-animation-input-array" count="36"><param name="TIME" type="float"/></accessor></technique_common></source><source id="arissa_Neck-Matrix-animation-output-transform"><float_array id="arissa_Neck-Matrix-animation-output-transform-array" count="576">

0.999821 0.018883 -0.000777 -0.000000 -0.018836 0.999006 0.040402 13.877400 0.001539 -0.040380 0.999183 -4.354200 0.000000 0.000000 0.000000 1.000000
0.999722 0.023526 -0.001781 0.000000 -0.023434 0.998892 0.040804 13.877400 0.002739 -0.040751 0.999166 -4.354200 0.000000 0.000000 0.000000 1.000000
0.999645 0.026525 -0.002679 0.000000 -0.026390 0.998780 0.041746 13.877400 0.003783 -0.041660 0.999125 -4.354200 0.000000 0.000000 0.000000 1.000000
0.999598 0.028145 -0.003343 0.000000 -0.027978 0.998706 0.042471 13.877400 0.004534 -0.042361 0.999092 -4.354200 0.000000 0.000000 0.000000 1.000000
0.999580 0.028734 -0.003722 0.000000 -0.028551 0.998699 0.042259 13.877400 0.004932 -0.042135 0.999100 -4.354200 0.000000 0.000000 0.000000 1.000000
0.999598 0.028085 -0.004000 0.000000 -0.027897 0.998770 0.041000 13.877400 0.005146 -0.040872 0.999151 -4.354200 0.000000 0.000000 0.000000 1.000000
0.999669 0.025329 -0.004504 0.000000 -0.025133 0.998916 0.039191 13.877400 0.005491 -0.039065 0.999222 -4.354200 0.000000 0.000000 0.000000 1.000000
0.999784 0.020100 -0.005373 0.000000 -0.019885 0.999105 0.037323 13.877400 0.006119 -0.037208 0.999289 -4.354200 0.000000 0.000000 0.000000 1.000000
0.999888 0.013527 -0.006343 -0.000000 -0.013293 0.999277 0.035615 13.877400 0.006820 -0.035527 0.999345 -4.354200 0.000000 0.000000 0.000000 1.000000
0.999946 0.007679 -0.006937 0.000000 -0.007437 0.999382 0.034344 13.877400 0.007196 -0.034291 0.999386 -4.354200 0.000000 0.000000 0.000000 1.000000
0.999968 0.004017 -0.006850 0.000000 -0.003781 0.999414 0.034034 13.877400 0.006983 -0.034007 0.999397 -4.354200 0.000000 0.000000 0.000000 1.000000
0.999978 0.002485 -0.006105 -0.000000 -0.002270 0.999386 0.034961 13.877400 0.006188 -0.034946 0.999370 -4.354200 0.000000 0.000000 0.000000 1.000000
0.999986 0.001859 -0.004915 0.000000 -0.001678 0.999328 0.036614 13.877400 0.004980 -0.036605 0.999317 -4.354200 0.000000 0.000000 0.000000 1.000000
0.999994 0.000740 -0.003511 -0.000000 -0.000606 0.999279 0.037967 13.877400 0.003537 -0.037965 0.999273 -4.354200 0.000000 0.000000 0.000000 1.000000
0.999997 -0.001503 -0.002007 0.000000 0.001579 0.999259 0.038464 13.877400 0.001948 -0.038467 0.999258 -4.354200 0.000000 0.000000 0.000000 1.000000
0.999990 -0.004358 -0.000323 -0.000000 0.004367 0.999240 0.038724 13.877400 0.000154 -0.038725 0.999250 -4.354200 0.000000 0.000000 0.000000 1.000000
0.999976 -0.006750 0.001717 -0.000000 0.006676 0.999174 0.040076 13.877400 -0.001986 -0.040064 0.999195 -4.354200 0.000000 0.000000 0.000000 1.000000
0.999958 -0.008233 0.004054 0.000000 0.008050 0.999032 0.043245 13.877400 -0.004406 -0.043211 0.999056 -4.354200 0.000000 0.000000 0.000000 1.000000
0.999936 -0.009463 0.006193 0.000000 0.009158 0.998830 0.047476 13.877400 -0.006635 -0.047416 0.998853 -4.354200 0.000000 0.000000 0.000000 1.000000
0.999908 -0.011250 0.007541 0.000000 0.010850 0.998635 0.051093 13.877400 -0.008106 -0.051006 0.998665 -4.354200 0.000000 0.000000 0.000000 1.000000
0.999879 -0.013306 0.008006 0.000000 0.012864 0.998513 0.052976 13.877400 -0.008699 -0.052866 0.998564 -4.354200 0.000000 0.000000 0.000000 1.000000
0.999863 -0.014361 0.008174 -0.000000 0.013905 0.998474 0.053441 13.877400 -0.008929 -0.053320 0.998538 -4.354200 0.000000 0.000000 0.000000 1.000000
0.999870 -0.013491 0.008803 0.000000 0.013000 0.998475 0.053644 13.877400 -0.009513 -0.053523 0.998521 -4.354200 0.000000 0.000000 0.000000 1.000000
0.999889 -0.010931 0.010138 -0.000000 0.010365 0.998473 0.054262 13.877400 -0.010716 -0.054151 0.998475 -4.354200 0.000000 0.000000 0.000000 1.000000
0.999903 -0.007534 0.011716 0.000000 0.006880 0.998466 0.054946 13.877400 -0.012112 -0.054860 0.998421 -4.354200 0.000000 0.000000 0.000000 1.000000
0.999910 -0.003928 0.012835 -0.000000 0.003216 0.998479 0.055040 13.877400 -0.013032 -0.054994 0.998402 -4.354200 0.000000 0.000000 0.000000 1.000000
0.999913 -0.000459 0.013174 -0.000000 -0.000260 0.998513 0.054514 13.877400 -0.013179 -0.054513 0.998426 -4.354200 0.000000 0.000000 0.000000 1.000000
0.999913 0.002437 0.012956 0.000000 -0.003134 0.998535 0.054020 13.877400 -0.012805 -0.054056 0.998456 -4.354200 0.000000 0.000000 0.000000 1.000000
0.999912 0.004386 0.012520 0.000000 -0.005057 0.998525 0.054064 13.877400 -0.012265 -0.054122 0.998459 -4.354200 0.000000 0.000000 0.000000 1.000000
0.999914 0.005630 0.011840 0.000000 -0.006265 0.998505 0.054303 13.877400 -0.011517 -0.054373 0.998454 -4.354200 0.000000 0.000000 0.000000 1.000000
0.999919 0.007063 0.010571 -0.000000 -0.007621 0.998524 0.053776 13.877400 -0.010175 -0.053853 0.998497 -4.354200 0.000000 0.000000 0.000000 1.000000
0.999919 0.009438 0.008534 0.000000 -0.009868 0.998608 0.051811 13.877400 -0.008033 -0.051891 0.998620 -4.354200 0.000000 0.000000 0.000000 1.000000
0.999902 0.012617 0.006008 -0.000000 -0.012894 0.998732 0.048664 13.877400 -0.005386 -0.048737 0.998797 -4.354200 0.000000 0.000000 0.000000 1.000000
0.999871 0.015698 0.003476 -0.000000 -0.015839 0.998850 0.045263 13.877400 -0.002762 -0.045312 0.998969 -4.354200 0.000000 0.000000 0.000000 1.000000
0.999840 0.017873 0.001215 -0.000000 -0.017909 0.998940 0.042410 13.877400 -0.000456 -0.042425 0.999100 -4.354200 0.000000 0.000000 0.000000 1.000000
0.999821 0.018883 -0.000777 0.000000 -0.018836 0.999006 0.040402 13.877400 0.001539 -0.040380 0.999183 -4.354200 0.000000 0.000000 0.000000 1.000000</float_array><technique_common><accessor source="#arissa_Neck-Matrix-animation-output-transform-array" count="36" stride="16"><param type="float4x4"/></accessor></technique_common></source><source id="arissa_Neck-Interpolations"><Name_array id="arissa_Neck-Interpolations-array" count="36">
 LINEAR LINEAR LINEAR LINEAR LINEAR LINEAR LINEAR LINEAR LINEAR LINEAR LINEAR
LINEAR LINEAR LINEAR LINEAR LINEAR LINEAR LINEAR LINEAR LINEAR LINEAR LINEAR LINEAR
LINEAR LINEAR LINEAR LINEAR LINEAR LINEAR LINEAR LINEAR LINEAR LINEAR LINEAR LINEAR
LINEAR</Name_array><technique_common><accessor source="#arissa_Neck-Interpolations-array" count="36"><param type="name"/></accessor></technique_common></source><sampler id="arissa_Neck-Matrix-animation-transform"><input semantic="INPUT" source="#arissa_Neck-Matrix-animation-input"/><input semantic="OUTPUT" source="#arissa_Neck-Matrix-animation-output-transform"/><input semantic="INTERPOLATION" source="#arissa_Neck-Interpolations"/></sampler><channel source="#arissa_Neck-Matrix-animation-transform" target="arissa_Neck/matrix"/></animation>
    <animation id="arissa_Neck1-anim" name="arissa_Neck1"><source id="arissa_Neck1-Matrix-animation-input"><float_array id="arissa_Neck1-Matrix-animation-input-array" count="36">

0.000000 0.033333 0.066667 0.100000 0.133333 0.166667 0.200000 0.233333 0.266667 0.300000 0.333333 0.366667 0.400000 0.433333 0.466667 0.500000
0.533333 0.566667 0.600000 0.633333 0.666667 0.700000 0.733333 0.766667 0.800000 0.833333 0.866667 0.900000 0.933333 0.966667 1.000000 1.033333
1.066667 1.100000 1.133333 1.166667</float_array><technique_common><accessor source="#arissa_Neck1-Matrix-animation-input-array" count="36"><param name="TIME" type="float"/></accessor></technique_common></source><source id="arissa_Neck1-Matrix-animation-output-transform"><float_array id="arissa_Neck1-Matrix-animation-output-transform-array" count="576">

0.999821 0.018883 -0.000777 0.000000 -0.018836 0.999006 0.040402 4.340000 0.001539 -0.040380 0.999183 0.926900 0.000000 0.000000 0.000000 1.000000
0.999722 0.023526 -0.001781 0.000000 -0.023434 0.998892 0.040804 4.340000 0.002739 -0.040751 0.999166 0.926900 0.000000 0.000000 0.000000 1.000000
0.999645 0.026525 -0.002679 0.000000 -0.026391 0.998780 0.041746 4.340000 0.003783 -0.041661 0.999125 0.926900 0.000000 0.000000 0.000000 1.000000
0.999598 0.028145 -0.003343 0.000000 -0.027978 0.998706 0.042470 4.340000 0.004534 -0.042359 0.999092 0.926900 0.000000 0.000000 0.000000 1.000000
0.999580 0.028734 -0.003722 0.000000 -0.028551 0.998699 0.042260 4.340000 0.004932 -0.042136 0.999100 0.926900 0.000000 0.000000 0.000000 1.000000
0.999598 0.028085 -0.004000 0.000000 -0.027897 0.998770 0.041000 4.340000 0.005147 -0.040872 0.999151 0.926900 0.000000 0.000000 0.000000 1.000000
0.999669 0.025329 -0.004504 -0.000000 -0.025134 0.998916 0.039189 4.340000 0.005491 -0.039063 0.999222 0.926900 0.000000 0.000000 0.000000 1.000000
0.999784 0.020100 -0.005373 -0.000000 -0.019885 0.999105 0.037322 4.340000 0.006118 -0.037207 0.999289 0.926900 0.000000 0.000000 0.000000 1.000000
0.999888 0.013527 -0.006343 -0.000000 -0.013293 0.999277 0.035615 4.340000 0.006820 -0.035527 0.999345 0.926900 0.000000 0.000000 0.000000 1.000000
0.999946 0.007679 -0.006937 0.000000 -0.007437 0.999382 0.034342 4.340000 0.007196 -0.034289 0.999386 0.926900 0.000000 0.000000 0.000000 1.000000
0.999968 0.004017 -0.006850 0.000000 -0.003781 0.999414 0.034034 4.340000 0.006983 -0.034007 0.999397 0.926900 0.000000 0.000000 0.000000 1.000000
0.999978 0.002485 -0.006105 -0.000000 -0.002271 0.999386 0.034959 4.340000 0.006188 -0.034945 0.999370 0.926900 0.000000 0.000000 0.000000 1.000000
0.999986 0.001858 -0.004915 -0.000000 -0.001677 0.999328 0.036613 4.340000 0.004980 -0.036604 0.999317 0.926900 0.000000 0.000000 0.000000 1.000000
0.999994 0.000740 -0.003511 0.000000 -0.000606 0.999279 0.037967 4.340000 0.003537 -0.037965 0.999273 0.926900 0.000000 0.000000 0.000000 1.000000
0.999997 -0.001503 -0.002007 -0.000000 0.001580 0.999259 0.038464 4.340000 0.001948 -0.038467 0.999258 0.926900 0.000000 0.000000 0.000000 1.000000
