<?xml version="1.0" encoding="utf-8"?>
<COLLADA xmlns="http://www.collada.org/2005/11/COLLADASchema" version="1.4.1">
  <asset><contributor><author>Mixamo</author><authoring_tool>COLLADA Mixamo exporter</authoring_tool><comments></comments></contributor><created>2021-06-09T21:55:18Z</created><modified>2021-06-09T21:55:18Z</modified><revision></revision><title></title><unit meter="0.010000"/><up_axis>Y_UP</up_axis></asset>
  <library_animations>
    <animation id="Hips-anim" name="Hips"><source id="Hips-Matrix-animation-input"><float_array id="Hips-Matrix-animation-input-array" count="121">

0.000000 0.033333 0.066667 0.100000 0.133333 0.166667 0.200000 0.233333 0.266667 0.300000 0.333333 0.366667 0.400000 0.433333 0.466667 0.500000
0.533333 0.566667 0.600000 0.633333 0.666667 0.700000 0.733333 0.766667 0.800000 0.833333 0.866667 0.900000 0.933333 0.966667 1.000000 1.033333
1.066667 1.100000 1.133333 1.166667 1.200000 1.233333 1.266667 1.300000 1.333333 1.366667 1.400000 1.433333 1.466667 1.500000 1.533333 1.566667
1.600000 1.633333 1.666667 1.700000 1.733333 1.766667 1.800000 1.833333 1.866667 1.900000 1.933333 1.966667 2.000000 2.033333 2.066667 2.100000
2.133333 2.166667 2.200000 2.233333 2.266667 2.300000 2.333333 2.366667 2.400000 2.433333 2.466667 2.500000 2.533333 2.566667 2.600000 2.633333
2.666667 2.700000 2.733333 2.766667 2.800000 2.833333 2.866667 2.900000 2.933333 2.966667 3.000000 3.033333 3.066667 3.100000 3.133333 3.166667
3.200000 3.233333 3.266667 3.300000 3.333333 3.366667 3.400000 3.433333 3.466667 3.500000 3.533333 3.566667 3.600000 3.633333 3.666667 3.700000
3.733333 3.766667 3.800000 3.833333 3.866667 3.900000 3.933333 3.966667 4.000000</float_array><technique_common><accessor source="#Hips-Matrix-animation-input-array" count="121"><param name="TIME" type="float"/></accessor></technique_common></source><source id="Hips-Matrix-animation-output-transform"><float_array id="Hips-Matrix-animation-output-transform-array" count="1936">

0.728963 0.051611 -0.682604 -0.092689 0.001993 0.996990 0.077509 110.343979 0.684550 -0.057862 0.726666 0.195836 0.000000 0.000000 0.000000 1.000000
0.727294 0.050719 -0.684450 -0.084240 0.002562 0.997058 0.076607 110.346832 0.686321 -0.057470 0.725024 0.202687 0.000000 0.000000 0.000000 1.000000
0.725728 0.049456 -0.686201 -0.074078 0.003183 0.997161 0.075234 110.351593 0.687974 -0.056783 0.723511 0.203601 0.000000 0.000000 0.000000 1.000000
0.724928 0.048667 -0.687103 -0.065150 0.003426 0.997234 0.074248 110.340378 0.688816 -0.056178 0.722757 0.205200 0.000000 0.000000 0.000000 1.000000
0.724544 0.047844 -0.687566 -0.058486 0.003424 0.997326 0.073006 110.321701 0.689220 -0.055251 0.722443 0.210592 0.000000 0.000000 0.000000 1.000000
0.724520 0.046843 -0.687660 -0.058449 0.003684 0.997411 0.071824 110.313560 0.689244 -0.054571 0.722471 0.212180 0.000000 0.000000 0.000000 1.000000
0.724569 0.045559 -0.687694 -0.052443 0.003990 0.997519 0.070288 110.312241 0.689190 -0.053672 0.722590 0.210038 0.000000 0.000000 0.000000 1.000000
0.724966 0.043981 -0.687379 -0.049289 0.004632 0.997625 0.068717 110.331963 0.688769 -0.053002 0.723041 0.207566 0.000000 0.000000 0.000000 1.000000
0.724996 0.041845 -0.687481 -0.036153 0.005280 0.997786 0.066300 110.329872 0.688733 -0.051697 0.723169 0.219235 0.000000 0.000000 0.000000 1.000000
0.724526 0.039192 -0.688132 -0.045891 0.007041 0.997909 0.064248 110.347893 0.689211 -0.051394 0.722735 0.244181 0.000000 0.000000 0.000000 1.000000
0.725133 0.037143 -0.687606 -0.046440 0.007800 0.998037 0.062138 110.362892 0.688564 -0.050422 0.723420 0.264210 0.000000 0.000000 0.000000 1.000000
0.726747 0.035652 -0.685979 -0.058610 0.007660 0.998169 0.059993 110.368546 0.686862 -0.048855 0.725144 0.287302 0.000000 0.000000 0.000000 1.000000
0.728194 0.034664 -0.684494 -0.075402 0.007272 0.998273 0.058290 110.367859 0.685332 -0.047424 0.726685 0.308989 0.000000 0.000000 0.000000 1.000000
0.730088 0.034231 -0.682495 -0.091561 0.006828 0.998329 0.057375 110.352760 0.683319 -0.046549 0.728635 0.320783 0.000000 0.000000 0.000000 1.000000
0.734767 0.034582 -0.677437 -0.097027 0.005180 0.998384 0.056584 110.296738 0.678300 -0.045085 0.733401 0.337752 0.000000 0.000000 0.000000 1.000000
0.743129 0.035687 -0.668196 -0.104851 0.003016 0.998388 0.056676 110.192284 0.669141 -0.044133 0.741824 0.364522 0.000000 0.000000 0.000000 1.000000
0.755251 0.036072 -0.654442 -0.152120 0.001587 0.998381 0.056860 110.091835 0.655434 -0.043982 0.753971 0.388336 0.000000 0.000000 0.000000 1.000000
0.770251 0.036261 -0.636710 -0.253606 0.000178 0.998370 0.057072 110.019844 0.637741 -0.044073 0.768989 0.410635 0.000000 0.000000 0.000000 1.000000
0.788075 0.036733 -0.614482 -0.390866 -0.001589 0.998336 0.057641 109.970726 0.615577 -0.044449 0.786822 0.444586 0.000000 0.000000 0.000000 1.000000
0.806401 0.035813 -0.590284 -0.484573 -0.002640 0.998373 0.056965 109.915108 0.591363 -0.044378 0.805183 0.494136 0.000000 0.000000 0.000000 1.000000
0.825523 0.034261 -0.563327 -0.563460 -0.002815 0.998393 0.056596 109.853157 0.564361 -0.045135 0.824293 0.551296 0.000000 0.000000 0.000000 1.000000
0.845237 0.031599 -0.533457 -0.615228 -0.002334 0.998459 0.055446 109.768150 0.534387 -0.045620 0.844008 0.621353 0.000000 0.000000 0.000000 1.000000
0.864665 0.028681 -0.501530 -0.644987 -0.002074 0.998564 0.053529 109.666183 0.502345 -0.045245 0.863482 0.712173 0.000000 0.000000 0.000000 1.000000
0.885491 0.025558 -0.463954 -0.657137 -0.001476 0.998636 0.052194 109.548302 0.464655 -0.045533 0.884320 0.800107 0.000000 0.000000 0.000000 1.000000
0.907140 0.021391 -0.420284 -0.645700 -0.000366 0.998747 0.050043 109.402061 0.420828 -0.045242 0.906012 0.911608 0.000000 0.000000 0.000000 1.000000
0.928408 0.016662 -0.371188 -0.614712 0.001518 0.998816 0.048632 109.238815 0.371558 -0.045714 0.927283 1.066442 0.000000 0.000000 0.000000 1.000000
0.948670 0.011056 -0.316075 -0.576289 0.004327 0.998841 0.047927 109.051544 0.316239 -0.046834 0.947523 1.236107 0.000000 0.000000 0.000000 1.000000
0.967681 0.003330 -0.252155 -0.527567 0.008766 0.998864 0.046833 108.818382 0.252025 -0.047530 0.966553 1.429940 0.000000 0.000000 0.000000 1.000000
0.982863 -0.004722 -0.184276 -0.503482 0.013573 0.998812 0.046802 108.581734 0.183836 -0.048501 0.981760 1.624196 0.000000 0.000000 0.000000 1.000000
0.993983 -0.012346 -0.108834 -0.466572 0.017651 0.998695 0.047920 108.313347 0.108101 -0.049553 0.992904 1.803267 0.000000 0.000000 0.000000 1.000000
0.999220 -0.019704 -0.034230 -0.448590 0.021361 0.998583 0.048737 108.063484 0.033222 -0.049430 0.998225 1.927511 0.000000 0.000000 0.000000 1.000000
0.999047 -0.025621 0.035348 -0.428433 0.023862 0.998497 0.049338 107.833534 -0.036559 -0.048448 0.998156 1.993612 0.000000 0.000000 0.000000 1.000000
0.994437 -0.030873 0.100707 -0.428943 0.025848 0.998373 0.050821 107.602165 -0.102112 -0.047935 0.993617 2.036245 0.000000 0.000000 0.000000 1.000000
0.987409 -0.035250 0.154213 -0.439493 0.027384 0.998228 0.052839 107.434570 -0.155802 -0.047951 0.986624 2.037189 0.000000 0.000000 0.000000 1.000000
0.981418 -0.038047 0.188070 -0.443333 0.028299 0.998127 0.054245 107.335068 -0.189781 -0.047915 0.980657 2.025231 0.000000 0.000000 0.000000 1.000000
0.978280 -0.039322 0.203522 -0.478547 0.028574 0.998051 0.055486 107.295883 -0.205308 -0.048466 0.977497 1.991755 0.000000 0.000000 0.000000 1.000000
0.978129 -0.038448 0.204415 -0.563288 0.027564 0.998060 0.055827 107.287315 -0.206165 -0.048971 0.977291 1.937720 0.000000 0.000000 0.000000 1.000000
0.979612 -0.037007 0.197459 -0.698503 0.026196 0.998026 0.057084 107.320480 -0.199182 -0.050748 0.978648 1.885778 0.000000 0.000000 0.000000 1.000000
0.981979 -0.035639 0.185598 -0.859667 0.025150 0.997967 0.058569 107.377953 -0.187308 -0.052846 0.980879 1.826171 0.000000 0.000000 0.000000 1.000000
0.984939 -0.034248 0.169477 -1.023627 0.024313 0.997881 0.060350 107.434731 -0.171185 -0.055320 0.983685 1.761108 0.000000 0.000000 0.000000 1.000000
0.988228 -0.032608 0.149472 -1.163937 0.023403 0.997743 0.062932 107.455200 -0.151186 -0.058693 0.986761 1.704508 0.000000 0.000000 0.000000 1.000000
0.991407 -0.030203 0.127277 -1.317015 0.021741 0.997492 0.067356 107.442604 -0.128993 -0.064010 0.989578 1.655916 0.000000 0.000000 0.000000 1.000000
0.994309 -0.027302 0.102981 -1.462996 0.019824 0.997138 0.072953 107.446762 -0.104678 -0.070496 0.992004 1.588722 0.000000 0.000000 0.000000 1.000000
0.996723 -0.023807 0.077309 -1.600581 0.017631 0.996671 0.079603 107.495613 -0.078946 -0.077979 0.993824 1.477069 0.000000 0.000000 0.000000 1.000000
0.998689 -0.019446 0.047348 -1.710109 0.015359 0.996246 0.085198 107.569916 -0.048827 -0.084359 0.995238 1.322546 0.000000 0.000000 0.000000 1.000000
0.999820 -0.014549 0.012212 -1.778118 0.013411 0.995975 0.088626 107.663361 -0.013453 -0.088447 0.995990 1.141049 0.000000 0.000000 0.000000 1.000000
0.999596 -0.009257 -0.026867 -1.802009 0.011634 0.995900 0.089706 107.749695 0.025927 -0.089982 0.995606 0.959221 0.000000 0.000000 0.000000 1.000000
0.997579 -0.004388 -0.069406 -1.779812 0.010650 0.995875 0.090112 107.843666 0.068724 -0.090633 0.993510 0.798084 0.000000 0.000000 0.000000 1.000000
0.993107 0.000224 -0.117210 -1.705275 0.010259 0.995994 0.088828 107.980843 0.116761 -0.089418 0.989127 0.640423 0.000000 0.000000 0.000000 1.000000
0.986502 0.004286 -0.163692 -1.629860 0.010215 0.996099 0.087645 108.125946 0.163429 -0.088134 0.982610 0.506657 0.000000 0.000000 0.000000 1.000000
0.977695 0.007222 -0.209906 -1.547872 0.011122 0.996226 0.086082 108.272537 0.209736 -0.086496 0.973925 0.392192 0.000000 0.000000 0.000000 1.000000
0.966993 0.009435 -0.254627 -1.509445 0.012219 0.996447 0.083327 108.407021 0.254509 -0.083688 0.963443 0.273157 0.000000 0.000000 0.000000 1.000000
0.955408 0.010768 -0.295093 -1.503164 0.013901 0.996587 0.081372 108.554955 0.294962 -0.081845 0.951997 0.166907 0.000000 0.000000 0.000000 1.000000
0.942417 0.012129 -0.334221 -1.476899 0.015695 0.996637 0.080424 108.690437 0.334072 -0.081038 0.939057 0.100827 0.000000 0.000000 0.000000 1.000000
0.926770 0.014624 -0.375346 -1.429219 0.016864 0.996614 0.080469 108.824028 0.375252 -0.080905 0.923385 0.068272 0.000000 0.000000 0.000000 1.000000
0.907404 0.017626 -0.419889 -1.389105 0.017861 0.996600 0.080434 108.992256 0.419879 -0.080485 0.904004 0.046935 0.000000 0.000000 0.000000 1.000000
0.883556 0.021667 -0.467825 -1.395538 0.018158 0.996593 0.080451 109.171661 0.467974 -0.079578 0.880152 0.041186 0.000000 0.000000 0.000000 1.000000
0.854576 0.026309 -0.518659 -1.425526 0.017592 0.996676 0.079541 109.361534 0.519028 -0.077098 0.851273 0.037327 0.000000 0.000000 0.000000 1.000000
0.820022 0.029756 -0.571558 -1.437268 0.018126 0.996796 0.077901 109.550293 0.572045 -0.074241 0.816855 0.013438 0.000000 0.000000 0.000000 1.000000
0.780946 0.032315 -0.623762 -1.454942 0.019323 0.996933 0.075840 109.737465 0.624299 -0.071280 0.777926 -0.004908 0.000000 0.000000 0.000000 1.000000
0.736594 0.033927 -0.675484 -1.483490 0.020839 0.997128 0.072806 109.956474 0.676014 -0.067704 0.733772 -0.019163 0.000000 0.000000 0.000000 1.000000
0.689755 0.035163 -0.723188 -1.531066 0.023330 0.997222 0.070738 110.174934 0.723666 -0.065664 0.687019 -0.018445 0.000000 0.000000 0.000000 1.000000
0.639988 0.035710 -0.767555 -1.578750 0.026523 0.997298 0.068514 110.370049 0.767927 -0.064206 0.637311 -0.018762 0.000000 0.000000 0.000000 1.000000
0.588300 0.035094 -0.807881 -1.615560 0.031220 0.997327 0.066058 110.540634 0.808040 -0.064084 0.585632 0.020944 0.000000 0.000000 0.000000 1.000000
0.537125 0.036478 -0.842713 -1.687958 0.035575 0.997196 0.065840 110.697968 0.842752 -0.065344 0.534321 0.071932 0.000000 0.000000 0.000000 1.000000
0.483504 0.036989 -0.874560 -1.742306 0.040744 0.997073 0.064696 110.850281 0.874394 -0.066913 0.480582 0.145605 0.000000 0.000000 0.000000 1.000000
0.429133 0.038367 -0.902426 -1.808738 0.045283 0.996927 0.063919 111.005249 0.902106 -0.068294 0.426077 0.258005 0.000000 0.000000 0.000000 1.000000
0.377697 0.040443 -0.925046 -1.861547 0.049172 0.996760 0.063655 111.140999 0.924623 -0.069529 0.374485 0.379218 0.000000 0.000000 0.000000 1.000000
0.329159 0.042580 -0.943314 -1.896854 0.052222 0.996633 0.063209 111.276138 0.942830 -0.070067 0.325827 0.528205 0.000000 0.000000 0.000000 1.000000
0.285064 0.044634 -0.957469 -1.916193 0.055606 0.996463 0.063008 111.375610 0.956894 -0.071203 0.281574 0.709075 0.000000 0.000000 0.000000 1.000000
0.248745 0.046724 -0.967441 -1.927906 0.058861 0.996260 0.063250 111.442688 0.966779 -0.072678 0.245065 0.886978 0.000000 0.000000 0.000000 1.000000
0.219154 0.048079 -0.974505 -1.929460 0.062613 0.996033 0.063222 111.513687 0.973679 -0.074872 0.215274 1.048851 0.000000 0.000000 0.000000 1.000000
0.195606 0.048364 -0.979489 -1.920423 0.066288 0.995847 0.062409 111.585464 0.978440 -0.077136 0.191588 1.219503 0.000000 0.000000 0.000000 1.000000
0.178322 0.048311 -0.982786 -1.902326 0.068982 0.995723 0.061463 111.641251 0.981551 -0.078755 0.174226 1.374620 0.000000 0.000000 0.000000 1.000000
0.166260 0.049269 -0.984850 -1.896253 0.071052 0.995556 0.061799 111.671387 0.983519 -0.080251 0.162021 1.521488 0.000000 0.000000 0.000000 1.000000
0.158322 0.050344 -0.986103 -1.901773 0.073163 0.995356 0.062563 111.683334 0.984673 -0.082052 0.153904 1.647829 0.000000 0.000000 0.000000 1.000000
0.154087 0.051172 -0.986731 -1.909892 0.074801 0.995188 0.063291 111.673592 0.985222 -0.083561 0.149518 1.756911 0.000000 0.000000 0.000000 1.000000
0.153612 0.052436 -0.986739 -1.938398 0.075667 0.995035 0.064656 111.652649 0.985230 -0.084596 0.148882 1.845933 0.000000 0.000000 0.000000 1.000000
0.158254 0.054712 -0.985881 -1.992647 0.075486 0.994871 0.067328 111.626923 0.984509 -0.085075 0.153312 1.917854 0.000000 0.000000 0.000000 1.000000
0.167882 0.057484 -0.984130 -2.074689 0.074612 0.994694 0.070830 111.609604 0.982979 -0.085319 0.162702 1.968867 0.000000 0.000000 0.000000 1.000000
0.181684 0.060377 -0.981502 -2.178182 0.073825 0.994459 0.074839 111.602509 0.980582 -0.086056 0.176220 2.013321 0.000000 0.000000 0.000000 1.000000
0.199456 0.063874 -0.977823 -2.302497 0.072591 0.994168 0.079749 111.597603 0.977214 -0.086887 0.193656 2.043441 0.000000 0.000000 0.000000 1.000000
0.221901 0.067152 -0.972754 -2.440820 0.070653 0.993896 0.084728 111.594765 0.972506 -0.087529 0.215802 2.055161 0.000000 0.000000 0.000000 1.000000
0.250395 0.070009 -0.965609 -2.577767 0.066449 0.993787 0.089283 111.576630 0.965861 -0.086519 0.244187 2.036503 0.000000 0.000000 0.000000 1.000000
0.285511 0.072713 -0.955613 -2.712864 0.060583 0.993754 0.093716 111.551331 0.956459 -0.084651 0.279322 1.964723 0.000000 0.000000 0.000000 1.000000
0.324728 0.074167 -0.942895 -2.823330 0.054908 0.993761 0.097078 111.523674 0.944212 -0.083297 0.318629 1.841306 0.000000 0.000000 0.000000 1.000000
0.365355 0.073822 -0.927936 -2.898966 0.050599 0.993802 0.098984 111.481964 0.929492 -0.083117 0.359355 1.684361 0.000000 0.000000 0.000000 1.000000
0.404625 0.072596 -0.911597 -2.952580 0.047647 0.993817 0.100292 111.453812 0.913240 -0.084015 0.398664 1.515057 0.000000 0.000000 0.000000 1.000000
0.439394 0.069754 -0.895582 -2.971422 0.046228 0.993904 0.100093 111.449387 0.897104 -0.085382 0.433491 1.353083 0.000000 0.000000 0.000000 1.000000
0.471993 0.066282 -0.879107 -2.945171 0.045052 0.994053 0.099137 111.419632 0.880451 -0.086398 0.466200 1.214448 0.000000 0.000000 0.000000 1.000000
0.504287 0.062150 -0.861297 -2.891116 0.044196 0.994242 0.097620 111.354599 0.862404 -0.087294 0.498637 1.079296 0.000000 0.000000 0.000000 1.000000
0.536593 0.058292 -0.841825 -2.854845 0.043419 0.994382 0.096532 111.288132 0.842723 -0.088350 0.531048 0.959742 0.000000 0.000000 0.000000 1.000000
0.571398 0.054710 -0.818847 -2.814286 0.041709 0.994550 0.095554 111.193710 0.819612 -0.088753 0.566002 0.869461 0.000000 0.000000 0.000000 1.000000
0.606002 0.050434 -0.793863 -2.763325 0.040737 0.994711 0.094291 111.141541 0.794420 -0.089480 0.600742 0.781160 0.000000 0.000000 0.000000 1.000000
0.636531 0.045573 -0.769903 -2.686293 0.039326 0.995036 0.091413 111.105255 0.770247 -0.088464 0.631580 0.695668 0.000000 0.000000 0.000000 1.000000
0.662824 0.041075 -0.747648 -2.583853 0.037004 0.995477 0.087497 111.072098 0.747860 -0.085661 0.658306 0.638918 0.000000 0.000000 0.000000 1.000000
0.684085 0.037551 -0.728435 -2.475713 0.034512 0.995889 0.083748 111.019180 0.728586 -0.082430 0.679977 0.637080 0.000000 0.000000 0.000000 1.000000
0.700254 0.036178 -0.712977 -2.377509 0.031097 0.996221 0.081092 110.954475 0.713216 -0.078956 0.696483 0.663821 0.000000 0.000000 0.000000 1.000000
0.713669 0.034821 -0.699617 -2.256586 0.027221 0.996631 0.077372 110.873604 0.699954 -0.074262 0.710316 0.682240 0.000000 0.000000 0.000000 1.000000
0.725264 0.033162 -0.687672 -2.134657 0.024965 0.996916 0.074404 110.812759 0.688018 -0.071130 0.722199 0.681020 0.000000 0.000000 0.000000 1.000000
0.735661 0.031277 -0.676627 -2.032791 0.023528 0.997151 0.071674 110.757027 0.676941 -0.068648 0.732829 0.642080 0.000000 0.000000 0.000000 1.000000
0.744927 0.031607 -0.666397 -1.932843 0.021142 0.997257 0.070933 110.696716 0.666811 -0.066929 0.742215 0.585840 0.000000 0.000000 0.000000 1.000000
0.752612 0.033048 -0.657635 -1.821924 0.018074 0.997327 0.070803 110.643448 0.658216 -0.065173 0.750002 0.530345 0.000000 0.000000 0.000000 1.000000
0.758115 0.035195 -0.651170 -1.703687 0.015133 0.997324 0.071523 110.608391 0.651945 -0.064077 0.755554 0.484293 0.000000 0.000000 0.000000 1.000000
0.761480 0.037884 -0.647081 -1.579964 0.012668 0.997230 0.073292 110.577911 0.648065 -0.064008 0.758890 0.449244 0.000000 0.000000 0.000000 1.000000
0.762845 0.040470 -0.645313 -1.455597 0.010469 0.997135 0.074910 110.554443 0.646496 -0.063901 0.760237 0.426957 0.000000 0.000000 0.000000 1.000000
0.762473 0.042712 -0.645609 -1.332787 0.009006 0.997021 0.076597 110.540100 0.646958 -0.064218 0.759817 0.423065 0.000000 0.000000 0.000000 1.000000
0.761183 0.044531 -0.647006 -1.212330 0.007963 0.996923 0.077983 110.524147 0.648488 -0.064512 0.758486 0.425695 0.000000 0.000000 0.000000 1.000000
0.759103 0.045987 -0.649344 -1.094695 0.007471 0.996820 0.079329 110.507080 0.650928 -0.065070 0.756346 0.433132 0.000000 0.000000 0.000000 1.000000
0.756061 0.046611 -0.652839 -0.983660 0.007232 0.996805 0.079544 110.488945 0.654461 -0.064861 0.753309 0.432235 0.000000 0.000000 0.000000 1.000000
0.752245 0.046986 -0.657206 -0.876425 0.007236 0.996805 0.079547 110.469582 0.658844 -0.064594 0.749502 0.418632 0.000000 0.000000 0.000000 1.000000
0.748744 0.047099 -0.661184 -0.773465 0.006967 0.996858 0.078901 110.451363 0.662823 -0.063683 0.746063 0.402213 0.000000 0.000000 0.000000 1.000000
0.745852 0.047447 -0.664419 -0.672522 0.006516 0.996893 0.078504 110.434227 0.666079 -0.062881 0.743226 0.392364 0.000000 0.000000 0.000000 1.000000
0.743060 0.047902 -0.667509 -0.575508 0.005970 0.996921 0.078188 110.417999 0.669198 -0.062083 0.740486 0.389282 0.000000 0.000000 0.000000 1.000000
0.740397 0.048426 -0.670423 -0.483498 0.005372 0.996943 0.077944 110.403122 0.672148 -0.061311 0.737874 0.377218 0.000000 0.000000 0.000000 1.000000
0.737896 0.048988 -0.673134 -0.397502 0.004753 0.996960 0.077765 110.389618 0.674897 -0.060581 0.735421 0.351772 0.000000 0.000000 0.000000 1.000000
0.735589 0.049553 -0.675613 -0.318539 0.004148 0.996973 0.077640 110.375992 0.677415 -0.059914 0.733157 0.320306 0.000000 0.000000 0.000000 1.000000
0.733509 0.050124 -0.677829 -0.247536 0.003545 0.996981 0.077562 110.364296 0.679670 -0.059295 0.731117 0.289068 0.000000 0.000000 0.000000 1.000000
0.731690 0.050676 -0.679751 -0.185538 0.002968 0.996986 0.077520 110.355057 0.681631 -0.058738 0.729335 0.252337 0.000000 0.000000 0.000000 1.000000
0.730164 0.051188 -0.681352 -0.133561 0.002430 0.996989 0.077506 110.348579 0.683268 -0.058248 0.727841 0.223087 0.000000 0.000000 0.000000 1.000000
0.728963 0.051611 -0.682605 -0.092689 0.001993 0.996990 0.077509 110.343956 0.684550 -0.057862 0.726666 0.195821 0.000000 0.000000 0.000000 1.000000</float_array><technique_common><accessor source="#Hips-Matrix-animation-output-transform-array" count="121" stride="16"><param type="float4x4"/></accessor></technique_common></source><source id="Hips-Interpolations"><Name_array id="Hips-Interpolations-array" count="121">
 LINEAR LINEAR LINEAR LINEAR LINEAR LINEAR LINEAR LINEAR LINEAR LINEAR LINEAR
LINEAR LINEAR LINEAR LINEAR LINEAR LINEAR LINEAR LINEAR LINEAR LINEAR LINEAR LINEAR
LINEAR LINEAR LINEAR LINEAR LINEAR LINEAR LINEAR LINEAR LINEAR LINEAR LINEAR LINEAR
LINEAR LINEAR LINEAR LINEAR LINEAR LINEAR LINEAR LINEAR LINEAR LINEAR LINEAR LINEAR
LINEAR LINEAR LINEAR LINEAR LINEAR LINEAR LINEAR LINEAR LINEAR LINEAR LINEAR LINEAR
LINEAR LINEAR LINEAR LINEAR LINEAR LINEAR LINEAR LINEAR LINEAR LINEAR LINEAR LINEAR
LINEAR LINEAR LINEAR LINEAR LINEAR LINEAR LINEAR LINEAR LINEAR LINEAR LINEAR LINEAR
LINEAR LINEAR LINEAR LINEAR LINEAR LINEAR LINEAR LINEAR LINEAR LINEAR LINEAR LINEAR
LINEAR LINEAR LINEAR LINEAR LINEAR LINEAR LINEAR LINEAR LINEAR LINEAR LINEAR LINEAR
LINEAR LINEAR LINEAR LINEAR LINEAR LINEAR LINEAR LINEAR LINEAR LINEAR LINEAR LINEAR
LINEAR LINEAR</Name_array><technique_common><accessor source="#Hips-Interpolations-array" count="121"><param type="name"/></accessor></technique_common></source><sampler id="Hips-Matrix-animation-transform"><input semantic="INPUT" source="#Hips-Matrix-animation-input"/><input semantic="OUTPUT" source="#Hips-Matrix-animation-output-transform"/><input semantic="INTERPOLATION" source="#Hips-Interpolations"/></sampler><channel source="#Hips-Matrix-animation-transform" target="Hips/matrix"/></animation>
    <animation id="Spine-anim" name="Spine"><source id="Spine-Matrix-animation-input"><float_array id="Spine-Matrix-animation-input-array" count="121">

0.000000 0.033333 0.066667 0.100000 0.133333 0.166667 0.200000 0.233333 0.266667 0.300000 0.333333 0.366667 0.400000 0.433333 0.466667 0.500000
0.533333 0.566667 0.600000 0.633333 0.666667 0.700000 0.733333 0.766667 0.800000 0.833333 0.866667 0.900000 0.933333 0.966667 1.000000 1.033333
1.066667 1.100000 1.133333 1.166667 1.200000 1.233333 1.266667 1.300000 1.333333 1.366667 1.400000 1.433333 1.466667 1.500000 1.533333 1.566667
1.600000 1.633333 1.666667 1.700000 1.733333 1.766667 1.800000 1.833333 1.866667 1.900000 1.933333 1.966667 2.000000 2.033333 2.066667 2.100000
2.133333 2.166667 2.200000 2.233333 2.266667 2.300000 2.333333 2.366667 2.400000 2.433333 2.466667 2.500000 2.533333 2.566667 2.600000 2.633333
2.666667 2.700000 2.733333 2.766667 2.800000 2.833333 2.866667 2.900000 2.933333 2.966667 3.000000 3.033333 3.066667 3.100000 3.133333 3.166667
3.200000 3.233333 3.266667 3.300000 3.333333 3.366667 3.400000 3.433333 3.466667 3.500000 3.533333 3.566667 3.600000 3.633333 3.666667 3.700000
3.733333 3.766667 3.800000 3.833333 3.866667 3.900000 3.933333 3.966667 4.000000</float_array><technique_common><accessor source="#Spine-Matrix-animation-input-array" count="121"><param name="TIME" type="float"/></accessor></technique_common></source><source id="Spine-Matrix-animation-output-transform"><float_array id="Spine-Matrix-animation-output-transform-array" count="1936">

0.996469 0.021106 0.081263 -0.006600 -0.012813 0.994778 -0.101258 10.822600 -0.082976 0.099859 0.991536 -0.430700 0.000000 0.000000 0.000000 1.000000
0.996458 0.021462 0.081305 -0.006600 -0.013176 0.994788 -0.101111 10.822600 -0.083051 0.099681 0.991547 -0.430700 0.000000 0.000000 0.000000 1.000000
0.996483 0.021706 0.080935 -0.006600 -0.013468 0.994797 -0.100979 10.822600 -0.082706 0.099534 0.991591 -0.430700 0.000000 0.000000 0.000000 1.000000
0.996555 0.021773 0.080027 -0.006600 -0.013623 0.994792 -0.101013 10.822600 -0.081810 0.099575 0.991661 -0.430700 0.000000 0.000000 0.000000 1.000000
0.996659 0.021615 0.078765 -0.006600 -0.013591 0.994791 -0.101027 10.822600 -0.080538 0.099619 0.991761 -0.430700 0.000000 0.000000 0.000000 1.000000
0.996784 0.021576 0.077181 -0.006600 -0.013702 0.994778 -0.101136 10.822600 -0.078960 0.099753 0.991874 -0.430700 0.000000 0.000000 0.000000 1.000000
0.996916 0.021532 0.075467 -0.006600 -0.013820 0.994764 -0.101259 10.822600 -0.077253 0.099903 0.991994 -0.430700 0.000000 0.000000 0.000000 1.000000
0.997055 0.021585 0.073584 -0.006600 -0.014053 0.994748 -0.101381 10.822600 -0.075386 0.100048 0.992123 -0.430700 0.000000 0.000000 0.000000 1.000000
0.997180 0.021680 0.071845 -0.006600 -0.014337 0.994765 -0.101182 10.822600 -0.073662 0.099867 0.992270 -0.430700 0.000000 0.000000 0.000000 1.000000
0.997280 0.022150 0.070302 -0.006600 -0.014966 0.994762 -0.101112 10.822600 -0.072174 0.099785 0.992388 -0.430700 0.000000 0.000000 0.000000 1.000000
0.997389 0.022223 0.068708 -0.006600 -0.015199 0.994759 -0.101108 10.822600 -0.070595 0.099800 0.992500 -0.430700 0.000000 0.000000 0.000000 1.000000
0.997500 0.022019 0.067142 -0.006600 -0.015147 0.994752 -0.101190 10.822600 -0.069018 0.099920 0.992599 -0.430700 0.000000 0.000000 0.000000 1.000000
0.997582 0.021801 0.065985 -0.006600 -0.015026 0.994725 -0.101475 10.822600 -0.067849 0.100238 0.992647 -0.430700 0.000000 0.000000 0.000000 1.000000
0.997644 0.021518 0.065142 -0.006600 -0.014799 0.994682 -0.101923 10.822600 -0.066988 0.100719 0.992657 -0.430700 0.000000 0.000000 0.000000 1.000000
0.997729 0.020834 0.064055 -0.006600 -0.014195 0.994642 -0.102399 10.822600 -0.065846 0.101258 0.992679 -0.430700 0.000000 0.000000 0.000000 1.000000
0.997848 0.019848 0.062494 -0.006600 -0.013329 0.994586 -0.103055 10.822600 -0.064201 0.102000 0.992711 -0.430700 0.000000 0.000000 0.000000 1.000000
0.997990 0.019382 0.060330 -0.006600 -0.013065 0.994555 -0.103393 10.822600 -0.062006 0.102397 0.992809 -0.430700 0.000000 0.000000 0.000000 1.000000
0.998005 0.019234 0.060132 -0.006600 -0.012939 0.994557 -0.103390 10.822600 -0.061793 0.102406 0.992822 -0.430700 0.000000 0.000000 0.000000 1.000000
0.998009 0.019103 0.060112 -0.006600 -0.012810 0.994559 -0.103382 10.822600 -0.061760 0.102406 0.992824 -0.430700 0.000000 0.000000 0.000000 1.000000
0.997992 0.018890 0.060456 -0.006600 -0.012582 0.994594 -0.103077 10.822600 -0.062077 0.102109 0.992834 -0.430700 0.000000 0.000000 0.000000 1.000000
0.997918 0.019002 0.061631 -0.006600 -0.012586 0.994616 -0.102861 10.822600 -0.063253 0.101871 0.992785 -0.430700 0.000000 0.000000 0.000000 1.000000
0.997808 0.019204 0.063323 -0.006600 -0.012647 0.994667 -0.102356 10.822600 -0.064951 0.101331 0.992730 -0.430700 0.000000 0.000000 0.000000 1.000000
0.997697 0.019308 0.065023 -0.006600 -0.012631 0.994748 -0.101570 10.822600 -0.066643 0.100514 0.992701 -0.430700 0.000000 0.000000 0.000000 1.000000
0.997497 0.019522 0.067956 -0.006600 -0.012599 0.994821 -0.100858 10.822600 -0.069573 0.099749 0.992577 -0.430700 0.000000 0.000000 0.000000 1.000000
0.997283 0.019675 0.070993 -0.006600 -0.012526 0.994930 -0.099782 10.822600 -0.072597 0.098622 0.992473 -0.430700 0.000000 0.000000 0.000000 1.000000
0.997065 0.019830 0.073950 -0.006600 -0.012460 0.995026 -0.098830 10.822600 -0.075542 0.097619 0.992353 -0.430700 0.000000 0.000000 0.000000 1.000000
0.996799 0.020294 0.077334 -0.006600 -0.012668 0.995121 -0.097848 10.822600 -0.078943 0.096555 0.992192 -0.430700 0.000000 0.000000 0.000000 1.000000
0.996538 0.021041 0.080436 -0.006600 -0.013228 0.995248 -0.096465 10.822600 -0.082084 0.095067 0.992081 -0.430700 0.000000 0.000000 0.000000 1.000000
0.996294 0.022172 0.083107 -0.006600 -0.014193 0.995338 -0.095400 10.822600 -0.084835 0.093867 0.991964 -0.430700 0.000000 0.000000 0.000000 1.000000
0.996004 0.023843 0.086064 -0.006600 -0.015676 0.995415 -0.094354 10.822600 -0.087919 0.092628 0.991812 -0.430700 0.000000 0.000000 0.000000 1.000000
0.995658 0.025948 0.089395 -0.006600 -0.017562 0.995478 -0.093358 10.822600 -0.091413 0.091382 0.991611 -0.430700 0.000000 0.000000 0.000000 1.000000
0.995294 0.027781 0.092834 -0.006600 -0.019153 0.995522 -0.092570 10.822600 -0.094990 0.090356 0.991369 -0.430700 0.000000 0.000000 0.000000 1.000000
0.994889 0.029820 0.096467 -0.006600 -0.020903 0.995525 -0.092158 10.822600 -0.098783 0.089670 0.991061 -0.430700 0.000000 0.000000 0.000000 1.000000
0.994315 0.032308 0.101458 -0.006600 -0.022995 0.995525 -0.091656 10.822600 -0.103965 0.088802 0.990609 -0.430700 0.000000 0.000000 0.000000 1.000000
0.993723 0.034455 0.106428 -0.006600 -0.024787 0.995555 -0.090860 10.822600 -0.109086 0.087652 0.990160 -0.430700 0.000000 0.000000 0.000000 1.000000
0.993101 0.036712 0.111371 -0.006600 -0.026708 0.995581 -0.090026 10.822600 -0.114184 0.086430 0.989693 -0.430700 0.000000 0.000000 0.000000 1.000000
0.992713 0.038105 0.114320 -0.006600 -0.027924 0.995607 -0.089375 10.822600 -0.117223 0.085531 0.989416 -0.430700 0.000000 0.000000 0.000000 1.000000
0.992626 0.038534 0.114928 -0.006600 -0.028335 0.995620 -0.089089 10.822600 -0.117858 0.085176 0.989371 -0.430700 0.000000 0.000000 0.000000 1.000000
0.992829 0.038314 0.113236 -0.006600 -0.028271 0.995630 -0.089000 10.822600 -0.116151 0.085161 0.989574 -0.430700 0.000000 0.000000 0.000000 1.000000
0.993125 0.037755 0.110807 -0.006600 -0.027939 0.995655 -0.088834 10.822600 -0.113679 0.085127 0.989864 -0.430700 0.000000 0.000000 0.000000 1.000000
0.993525 0.036485 0.107598 -0.006600 -0.026968 0.995701 -0.088612 10.822600 -0.110369 0.085136 0.990238 -0.430700 0.000000 0.000000 0.000000 1.000000
0.993941 0.035057 0.104176 -0.006600 -0.025836 0.995734 -0.088581 10.822600 -0.106837 0.085353 0.990606 -0.430700 0.000000 0.000000 0.000000 1.000000
0.994355 0.034068 0.100490 -0.006600 -0.025155 0.995745 -0.088657 10.822600 -0.103083 0.085628 0.990980 -0.430700 0.000000 0.000000 0.000000 1.000000
0.994770 0.033304 0.096558 -0.006600 -0.024698 0.995726 -0.088988 10.822600 -0.099109 0.086138 0.991341 -0.430700 0.000000 0.000000 0.000000 1.000000
0.995291 0.032003 0.091494 -0.006600 -0.023763 0.995679 -0.089771 10.822600 -0.093972 0.087174 0.991751 -0.430700 0.000000 0.000000 0.000000 1.000000
0.995778 0.030320 0.086639 -0.006600 -0.022429 0.995631 -0.090645 10.822600 -0.089009 0.088319 0.992107 -0.430700 0.000000 0.000000 0.000000 1.000000
0.996171 0.028488 0.082656 -0.006600 -0.020887 0.995595 -0.091406 10.822600 -0.084896 0.089330 0.992377 -0.430700 0.000000 0.000000 0.000000 1.000000
0.996419 0.026915 0.080161 -0.006600 -0.019481 0.995558 -0.092110 10.822600 -0.082284 0.090219 0.992517 -0.430700 0.000000 0.000000 0.000000 1.000000
0.996661 0.024898 0.077758 -0.006600 -0.017625 0.995524 -0.092855 10.822600 -0.079721 0.091174 0.992639 -0.430700 0.000000 0.000000 0.000000 1.000000
0.996823 0.022663 0.076352 -0.006600 -0.015458 0.995483 -0.093678 10.822600 -0.078131 0.092200 0.992671 -0.430700 0.000000 0.000000 0.000000 1.000000
0.996958 0.020775 0.075124 -0.006600 -0.013654 0.995470 -0.094093 10.822600 -0.076738 0.092781 0.992725 -0.430700 0.000000 0.000000 0.000000 1.000000
0.997152 0.018863 0.073016 -0.006600 -0.011919 0.995463 -0.094400 10.822600 -0.074465 0.093261 0.992853 -0.430700 0.000000 0.000000 0.000000 1.000000
0.997344 0.017431 0.070715 -0.006600 -0.010688 0.995455 -0.094632 10.822600 -0.072043 0.093625 0.992998 -0.430700 0.000000 0.000000 0.000000 1.000000
0.997614 0.015815 0.067195 -0.006600 -0.009384 0.995436 -0.094968 10.822600 -0.068391 0.094111 0.993210 -0.430700 0.000000 0.000000 0.000000 1.000000
0.997971 0.013722 0.062176 -0.006600 -0.007735 0.995397 -0.095527 10.822600 -0.063201 0.094852 0.993483 -0.430700 0.000000 0.000000 0.000000 1.000000
0.998377 0.011715 0.055735 -0.006600 -0.006289 0.995309 -0.096542 10.822600 -0.056605 0.096035 0.993767 -0.430700 0.000000 0.000000 0.000000 1.000000
0.998817 0.009599 0.047662 -0.006600 -0.004902 0.995204 -0.097702 10.822600 -0.048372 0.097353 0.994074 -0.430700 0.000000 0.000000 0.000000 1.000000
0.999239 0.007383 0.038295 -0.006600 -0.003568 0.995107 -0.098741 10.822600 -0.038837 0.098529 0.994376 -0.430700 0.000000 0.000000 0.000000 1.000000
0.999565 0.005534 0.028979 -0.006600 -0.002608 0.994980 -0.100041 10.822600 -0.029387 0.099922 0.994561 -0.430700 0.000000 0.000000 0.000000 1.000000
0.999800 0.003845 0.019632 -0.006600 -0.001834 0.994839 -0.101446 10.822600 -0.019921 0.101390 0.994647 -0.430700 0.000000 0.000000 0.000000 1.000000
0.999946 0.002017 0.010158 -0.006600 -0.000962 0.994701 -0.102809 10.822600 -0.010312 0.102794 0.994649 -0.430700 0.000000 0.000000 0.000000 1.000000
1.000000 0.000655 0.000688 -0.006600 -0.000579 0.994531 -0.104436 10.822600 -0.000753 0.104435 0.994531 -0.430700 0.000000 0.000000 0.000000 1.000000
0.999962 -0.000398 -0.008682 -0.006600 -0.000521 0.994404 -0.105640 10.822600 0.008676 0.105641 0.994367 -0.430700 0.000000 0.000000 0.000000 1.000000
0.999873 -0.000546 -0.015946 -0.006600 -0.001156 0.994309 -0.106532 10.822600 0.015913 0.106537 0.994181 -0.430700 0.000000 0.000000 0.000000 1.000000
0.999769 0.000286 -0.021494 -0.006600 -0.002588 0.994241 -0.107133 10.822600 0.021340 0.107164 0.994012 -0.430700 0.000000 0.000000 0.000000 1.000000
0.999653 0.001187 -0.026334 -0.006600 -0.004004 0.994231 -0.107184 10.822600 0.026054 0.107253 0.993890 -0.430700 0.000000 0.000000 0.000000 1.000000
0.999512 0.001567 -0.031212 -0.006600 -0.004900 0.994248 -0.106992 10.822600 0.030865 0.107092 0.993770 -0.430700 0.000000 0.000000 0.000000 1.000000
0.999377 0.001917 -0.035250 -0.006600 -0.005670 0.994276 -0.106695 10.822600 0.034844 0.106828 0.993667 -0.430700 0.000000 0.000000 0.000000 1.000000
0.999262 0.001852 -0.038357 -0.006600 -0.005930 0.994297 -0.106477 10.822600 0.037941 0.106626 0.993575 -0.430700 0.000000 0.000000 0.000000 1.000000
0.999173 0.001792 -0.040630 -0.006600 -0.006113 0.994297 -0.106472 10.822600 0.040207 0.106632 0.993485 -0.430700 0.000000 0.000000 0.000000 1.000000
0.999099 0.001755 -0.042404 -0.006600 -0.006269 0.994288 -0.106548 10.822600 0.041975 0.106718 0.993403 -0.430700 0.000000 0.000000 0.000000 1.000000
0.999041 0.001808 -0.043736 -0.006600 -0.006467 0.994279 -0.106615 10.822600 0.043293 0.106795 0.993338 -0.430700 0.000000 0.000000 0.000000 1.000000
0.998990 0.001811 -0.044899 -0.006600 -0.006593 0.994280 -0.106604 10.822600 0.044449 0.106793 0.993287 -0.430700 0.000000 0.000000 0.000000 1.000000
0.998958 0.001685 -0.045598 -0.006600 -0.006546 0.994274 -0.106657 10.822600 0.045157 0.106844 0.993250 -0.430700 0.000000 0.000000 0.000000 1.000000
0.998946 0.001689 -0.045877 -0.006600 -0.006587 0.994256 -0.106822 10.822600 0.045433 0.107012 0.993219 -0.430700 0.000000 0.000000 0.000000 1.000000
0.998962 0.002042 -0.045498 -0.006600 -0.006903 0.994242 -0.106938 10.822600 0.045017 0.107141 0.993224 -0.430700 0.000000 0.000000 0.000000 1.000000
0.999012 0.002543 -0.044371 -0.006600 -0.007279 0.994240 -0.106926 10.822600 0.043843 0.107143 0.993276 -0.430700 0.000000 0.000000 0.000000 1.000000
0.999083 0.003075 -0.042708 -0.006600 -0.007630 0.994239 -0.106911 10.822600 0.042134 0.107139 0.993351 -0.430700 0.000000 0.000000 0.000000 1.000000
0.999163 0.003568 -0.040760 -0.006600 -0.007905 0.994254 -0.106756 10.822600 0.040145 0.106989 0.993449 -0.430700 0.000000 0.000000 0.000000 1.000000
0.999250 0.004071 -0.038518 -0.006600 -0.008150 0.994297 -0.106331 10.822600 0.037866 0.106565 0.993584 -0.430700 0.000000 0.000000 0.000000 1.000000
0.999350 0.004753 -0.035738 -0.006600 -0.008511 0.994358 -0.105732 10.822600 0.035034 0.105968 0.993752 -0.430700 0.000000 0.000000 0.000000 1.000000
0.999465 0.005502 -0.032243 -0.006600 -0.008861 0.994436 -0.104972 10.822600 0.031486 0.105201 0.993952 -0.430700 0.000000 0.000000 0.000000 1.000000
0.999600 0.006192 -0.027598 -0.006600 -0.009032 0.994537 -0.103990 10.822600 0.026803 0.104198 0.994195 -0.430700 0.000000 0.000000 0.000000 1.000000
0.999728 0.006344 -0.022434 -0.006600 -0.008623 0.994644 -0.103000 10.822600 0.021660 0.103165 0.994428 -0.430700 0.000000 0.000000 0.000000 1.000000
0.999829 0.006135 -0.017471 -0.006600 -0.007890 0.994731 -0.102212 10.822600 0.016752 0.102332 0.994609 -0.430700 0.000000 0.000000 0.000000 1.000000
0.999901 0.006265 -0.012613 -0.006600 -0.007515 0.994791 -0.101654 10.822600 0.011911 0.101739 0.994740 -0.430700 0.000000 0.000000 0.000000 1.000000
0.999944 0.006899 -0.008073 -0.006600 -0.007679 0.994864 -0.100925 10.822600 0.007336 0.100982 0.994861 -0.430700 0.000000 0.000000 0.000000 1.000000
0.999962 0.008081 -0.003121 -0.006600 -0.008354 0.994912 -0.100399 10.822600 0.002294 0.100422 0.994942 -0.430700 0.000000 0.000000 0.000000 1.000000
0.999946 0.010015 0.002797 -0.006600 -0.009686 0.994958 -0.099820 10.822600 -0.003783 0.099788 0.995002 -0.430700 0.000000 0.000000 0.000000 1.000000
0.999891 0.011919 0.008753 -0.006600 -0.010991 0.994990 -0.099366 10.822600 -0.009894 0.099259 0.995012 -0.430700 0.000000 0.000000 0.000000 1.000000
0.999789 0.013913 0.015134 -0.006600 -0.012347 0.995008 -0.099027 10.822600 -0.016436 0.098819 0.994970 -0.430700 0.000000 0.000000 0.000000 1.000000
0.999650 0.015789 0.021212 -0.006600 -0.013619 0.995011 -0.098828 10.822600 -0.022666 0.098504 0.994878 -0.430700 0.000000 0.000000 0.000000 1.000000
0.999527 0.016957 0.025652 -0.006600 -0.014348 0.995019 -0.098652 10.822600 -0.027197 0.098238 0.994791 -0.430700 0.000000 0.000000 0.000000 1.000000
0.999377 0.018291 0.030181 -0.006600 -0.015233 0.995010 -0.098602 10.822600 -0.031834 0.098081 0.994669 -0.430700 0.000000 0.000000 0.000000 1.000000
0.999195 0.019456 0.035082 -0.006600 -0.015924 0.995030 -0.098291 10.822600 -0.036820 0.097653 0.994539 -0.430700 0.000000 0.000000 0.000000 1.000000
0.998983 0.020032 0.040392 -0.006600 -0.015999 0.995079 -0.097788 10.822600 -0.042152 0.097043 0.994387 -0.430700 0.000000 0.000000 0.000000 1.000000
0.998715 0.020492 0.046357 -0.006600 -0.015906 0.995136 -0.097217 10.822600 -0.048124 0.096355 0.994183 -0.430700 0.000000 0.000000 0.000000 1.000000
0.998410 0.020560 0.052490 -0.006600 -0.015399 0.995175 -0.096896 10.822600 -0.054229 0.095933 0.993909 -0.430700 0.000000 0.000000 0.000000 1.000000
0.998145 0.020309 0.057393 -0.006600 -0.014711 0.995241 -0.096327 10.822600 -0.059076 0.095304 0.993694 -0.430700 0.000000 0.000000 0.000000 1.000000
0.997895 0.020578 0.061499 -0.006600 -0.014601 0.995265 -0.096096 10.822600 -0.063185 0.094996 0.993470 -0.430700 0.000000 0.000000 0.000000 1.000000
0.997637 0.021372 0.065290 -0.006600 -0.015032 0.995260 -0.096085 10.822600 -0.067034 0.094877 0.993230 -0.430700 0.000000 0.000000 0.000000 1.000000
0.997501 0.021492 0.067311 -0.006600 -0.014926 0.995215 -0.096567 10.822600 -0.069064 0.095321 0.993048 -0.430700 0.000000 0.000000 0.000000 1.000000
0.997452 0.021083 0.068156 -0.006600 -0.014406 0.995180 -0.097000 10.822600 -0.069873 0.095771 0.992948 -0.430700 0.000000 0.000000 0.000000 1.000000
0.997405 0.020612 0.068975 -0.006600 -0.013818 0.995134 -0.097556 10.822600 -0.070651 0.096350 0.992837 -0.430700 0.000000 0.000000 0.000000 1.000000
0.997348 0.020229 0.069919 -0.006600 -0.013286 0.995062 -0.098364 10.822600 -0.071564 0.097174 0.992691 -0.430700 0.000000 0.000000 0.000000 1.000000
0.997280 0.019915 0.070959 -0.006600 -0.012821 0.994999 -0.099058 10.822600 -0.072577 0.097879 0.992548 -0.430700 0.000000 0.000000 0.000000 1.000000
0.997222 0.019756 0.071825 -0.006600 -0.012528 0.994936 -0.099725 10.822600 -0.073432 0.098548 0.992419 -0.430700 0.000000 0.000000 0.000000 1.000000
0.997159 0.019729 0.072699 -0.006600 -0.012372 0.994881 -0.100291 10.822600 -0.074306 0.099107 0.992299 -0.430700 0.000000 0.000000 0.000000 1.000000
0.997082 0.019950 0.073687 -0.006600 -0.012455 0.994828 -0.100809 10.822600 -0.075318 0.099598 0.992173 -0.430700 0.000000 0.000000 0.000000 1.000000
0.996994 0.020281 0.074779 -0.006600 -0.012669 0.994816 -0.100896 10.822600 -0.076438 0.099645 0.992083 -0.430700 0.000000 0.000000 0.000000 1.000000
0.996894 0.020798 0.075959 -0.006600 -0.013060 0.994803 -0.100975 10.822600 -0.077664 0.099670 0.991985 -0.430700 0.000000 0.000000 0.000000 1.000000
