<?xml version="1.0" encoding="utf-8"?>
<COLLADA xmlns="http://www.collada.org/2005/11/COLLADASchema" version="1.4.1">
  <asset><contributor><author>Mixamo</author><authoring_tool>COLLADA Mixamo exporter</authoring_tool><comments></comments></contributor><created>2021-06-09T21:51:46Z</created><modified>2021-06-09T21:51:46Z</modified><revision></revision><title></title><unit meter="0.010000"/><up_axis>Y_UP</up_axis></asset>
  <library_animations>
    <animation id="Hips-anim" name="Hips"><source id="Hips-Matrix-animation-input"><float_array id="Hips-Matrix-animation-input-array" count="345">

0.000000 0.033333 0.066667 0.100000 0.133333 0.166667 0.200000 0.233333 0.266667 0.300000 0.333333 0.366667 0.400000 0.433333 0.466667 0.500000
0.533333 0.566667 0.600000 0.633333 0.666667 0.700000 0.733333 0.766667 0.800000 0.833333 0.866667 0.900000 0.933333 0.966667 1.000000 1.033333
1.066667 1.100000 1.133333 1.166667 1.200000 1.233333 1.266667 1.300000 1.333333 1.366667 1.400000 1.433333 1.466667 1.500000 1.533333 1.566667
1.600000 1.633333 1.666667 1.700000 1.733333 1.766667 1.800000 1.833333 1.866667 1.900000 1.933333 1.966667 2.000000 2.033333 2.066667 2.100000
2.133333 2.166667 2.200000 2.233333 2.266667 2.300000 2.333333 2.366667 2.400000 2.433333 2.466667 2.500000 2.533333 2.566667 2.600000 2.633333
2.666667 2.700000 2.733333 2.766667 2.800000 2.833333 2.866667 2.900000 2.933333 2.966667 3.000000 3.033333 3.066667 3.100000 3.133333 3.166667
3.200000 3.233333 3.266667 3.300000 3.333333 3.366667 3.400000 3.433333 3.466667 3.500000 3.533333 3.566667 3.600000 3.633333 3.666667 3.700000
3.733333 3.766667 3.800000 3.833333 3.866667 3.900000 3.933333 3.966667 4.000000 4.033333 4.066667 4.100000 4.133333 4.166667 4.200000 4.233333
4.266667 4.300000 4.333333 4.366667 4.400000 4.433333 4.466667 4.500000 4.533333 4.566667 4.600000 4.633333 4.666667 4.700000 4.733333 4.766667
4.800000 4.833333 4.866667 4.900000 4.933333 4.966667 5.000000 5.033333 5.066667 5.100000 5.133333 5.166667 5.200000 5.233333 5.266667 5.300000
5.333333 5.366667 5.400000 5.433333 5.466667 5.500000 5.533333 5.566667 5.600000 5.633333 5.666667 5.700000 5.733333 5.766667 5.800000 5.833333
5.866667 5.900000 5.933333 5.966667 6.000000 6.033333 6.066667 6.100000 6.133333 6.166667 6.200000 6.233333 6.266667 6.300000 6.333333 6.366667
6.400000 6.433333 6.466667 6.500000 6.533333 6.566667 6.600000 6.633333 6.666667 6.700000 6.733333 6.766667 6.800000 6.833333 6.866667 6.900000
6.933333 6.966667 7.000000 7.033333 7.066667 7.100000 7.133333 7.166667 7.200000 7.233333 7.266667 7.300000 7.333333 7.366667 7.400000 7.433333
7.466667 7.500000 7.533333 7.566667 7.600000 7.633333 7.666667 7.700000 7.733333 7.766667 7.800000 7.833333 7.866667 7.900000 7.933333 7.966667
8.000000 8.033333 8.066667 8.100000 8.133333 8.166667 8.200000 8.233333 8.266667 8.300000 8.333333 8.366667 8.400000 8.433333 8.466667 8.500000
8.533333 8.566667 8.600000 8.633333 8.666667 8.700000 8.733333 8.766667 8.800000 8.833333 8.866667 8.900000 8.933333 8.966667 9.000000 9.033333
9.066667 9.100000 9.133333 9.166667 9.200000 9.233333 9.266667 9.300000 9.333333 9.366667 9.400000 9.433333 9.466667 9.500000 9.533333 9.566667
9.600000 9.633333 9.666667 9.700000 9.733333 9.766667 9.800000 9.833333 9.866667 9.900000 9.933333 9.966667 10.000000 10.033333 10.066667 10.100000
10.133333 10.166667 10.200000 10.233333 10.266667 10.300000 10.333333 10.366667 10.400000 10.433333 10.466667 10.500000 10.533333 10.566667 10.600000 10.633333
10.666667 10.700000 10.733333 10.766667 10.800000 10.833333 10.866667 10.900000 10.933333 10.966667 11.000000 11.033333 11.066667 11.100000 11.133333 11.166667
11.200000 11.233333 11.266667 11.300000 11.333333 11.366667 11.400000 11.433333 11.466667</float_array><technique_common><accessor source="#Hips-Matrix-animation-input-array" count="345"><param name="TIME" type="float"/></accessor></technique_common></source><source id="Hips-Matrix-animation-output-transform"><float_array id="Hips-Matrix-animation-output-transform-array" count="5520">

0.999768 0.003244 0.021303 -0.052611 -0.005484 0.994357 0.105947 102.964066 -0.020839 -0.106039 0.994144 0.764386 0.000000 0.000000 0.000000 1.000000
0.999793 0.003922 0.019951 0.021232 -0.006026 0.994291 0.106532 103.007423 -0.019420 -0.106630 0.994109 0.817241 0.000000 0.000000 0.000000 1.000000
0.999827 0.004639 0.017998 0.101340 -0.006532 0.994285 0.106558 103.108902 -0.017401 -0.106657 0.994144 0.875219 0.000000 0.000000 0.000000 1.000000
0.999861 0.005388 0.015809 0.190386 -0.007030 0.994377 0.105660 103.269524 -0.015151 -0.105757 0.994277 0.941797 0.000000 0.000000 0.000000 1.000000
0.999886 0.006099 0.013780 0.298470 -0.007497 0.994570 0.103798 103.475571 -0.013072 -0.103890 0.994503 1.020040 0.000000 0.000000 0.000000 1.000000
0.999906 0.006670 0.011972 0.432870 -0.007848 0.994828 0.101271 103.704208 -0.011235 -0.101356 0.994787 1.106994 0.000000 0.000000 0.000000 1.000000
0.999922 0.007043 0.010320 0.582879 -0.008026 0.995107 0.098475 103.928833 -0.009576 -0.098550 0.995086 1.190781 0.000000 0.000000 0.000000 1.000000
0.999934 0.007240 0.008868 0.727261 -0.008056 0.995379 0.095685 104.128738 -0.008134 -0.095750 0.995372 1.259417 0.000000 0.000000 0.000000 1.000000
0.999944 0.007320 0.007701 0.853094 -0.008005 0.995630 0.093040 104.294456 -0.006986 -0.093097 0.995633 1.308647 0.000000 0.000000 0.000000 1.000000
0.999950 0.007419 0.006758 0.956080 -0.008002 0.995831 0.090867 104.408882 -0.006056 -0.090916 0.995840 1.337446 0.000000 0.000000 0.000000 1.000000
0.999954 0.007631 0.005894 1.031291 -0.008128 0.995963 0.089393 104.474686 -0.005188 -0.089437 0.995979 1.349412 0.000000 0.000000 0.000000 1.000000
0.999955 0.007941 0.005192 1.076223 -0.008371 0.996021 0.088723 104.496017 -0.004467 -0.088763 0.996043 1.349902 0.000000 0.000000 0.000000 1.000000
0.999954 0.008253 0.004794 1.095550 -0.008646 0.996020 0.088706 104.480003 -0.004043 -0.088743 0.996046 1.345664 0.000000 0.000000 0.000000 1.000000
0.999953 0.008507 0.004741 1.098108 -0.008895 0.995987 0.089059 104.433609 -0.003964 -0.089097 0.996015 1.342177 0.000000 0.000000 0.000000 1.000000
0.999950 0.008698 0.004990 1.090858 -0.009110 0.995938 0.089576 104.368362 -0.004190 -0.089617 0.995967 1.343032 0.000000 0.000000 0.000000 1.000000
0.999947 0.008788 0.005445 1.077275 -0.009243 0.995888 0.090119 104.300880 -0.004631 -0.090165 0.995916 1.350143 0.000000 0.000000 0.000000 1.000000
0.999944 0.008702 0.006029 1.060031 -0.009213 0.995850 0.090545 104.246353 -0.005216 -0.090596 0.995874 1.363665 0.000000 0.000000 0.000000 1.000000
0.999942 0.008429 0.006750 1.041396 -0.009007 0.995832 0.090762 104.215378 -0.005957 -0.090817 0.995850 1.383532 0.000000 0.000000 0.000000 1.000000
0.999937 0.008111 0.007713 1.021780 -0.008778 0.995834 0.090757 104.210083 -0.006945 -0.090819 0.995843 1.412248 0.000000 0.000000 0.000000 1.000000
0.999929 0.007953 0.008926 1.000267 -0.008728 0.995862 0.090459 104.228111 -0.008170 -0.090530 0.995860 1.453826 0.000000 0.000000 0.000000 1.000000
0.999916 0.008001 0.010181 0.978157 -0.008882 0.995936 0.089625 104.268814 -0.009423 -0.089708 0.995924 1.506911 0.000000 0.000000 0.000000 1.000000
0.999904 0.008125 0.011214 0.959429 -0.009081 0.996070 0.088097 104.331078 -0.010454 -0.088191 0.996049 1.561835 0.000000 0.000000 0.000000 1.000000
0.999895 0.008200 0.011911 0.946823 -0.009196 0.996246 0.086072 104.405777 -0.011161 -0.086172 0.996218 1.607988 0.000000 0.000000 0.000000 1.000000
0.999891 0.008179 0.012296 0.939789 -0.009184 0.996425 0.083982 104.477600 -0.011565 -0.084086 0.996391 1.640912 0.000000 0.000000 0.000000 1.000000
0.999890 0.008043 0.012424 0.936042 -0.009038 0.996574 0.082213 104.534363 -0.011720 -0.082316 0.996537 1.661312 0.000000 0.000000 0.000000 1.000000
0.999893 0.007808 0.012341 0.933517 -0.008782 0.996678 0.080971 104.571396 -0.011668 -0.081071 0.996640 1.671523 0.000000 0.000000 0.000000 1.000000
0.999899 0.007537 0.012077 0.930785 -0.008483 0.996735 0.080292 104.589539 -0.011433 -0.080386 0.996698 1.674072 0.000000 0.000000 0.000000 1.000000
0.999906 0.007274 0.011655 0.926613 -0.008184 0.996755 0.080077 104.591530 -0.011035 -0.080165 0.996721 1.671529 0.000000 0.000000 0.000000 1.000000
0.999914 0.006990 0.011137 0.919405 -0.007861 0.996748 0.080196 104.580185 -0.010541 -0.080277 0.996717 1.666351 0.000000 0.000000 0.000000 1.000000
0.999921 0.006654 0.010640 0.907717 -0.007490 0.996722 0.080552 104.560127 -0.010069 -0.080625 0.996694 1.661017 0.000000 0.000000 0.000000 1.000000
0.999928 0.006280 0.010245 0.890539 -0.007090 0.996686 0.081031 104.538574 -0.009703 -0.081098 0.996659 1.657990 0.000000 0.000000 0.000000 1.000000
0.999933 0.005881 0.009958 0.866812 -0.006673 0.996649 0.081526 104.523514 -0.009445 -0.081587 0.996621 1.659472 0.000000 0.000000 0.000000 1.000000
0.999937 0.005434 0.009796 0.834601 -0.006220 0.996608 0.082054 104.519585 -0.009317 -0.082110 0.996580 1.667034 0.000000 0.000000 0.000000 1.000000
0.999939 0.004925 0.009869 0.791537 -0.005725 0.996555 0.082733 104.527710 -0.009427 -0.082785 0.996523 1.682005 0.000000 0.000000 0.000000 1.000000
0.999938 0.004374 0.010240 0.736491 -0.005214 0.996492 0.083521 104.549042 -0.009838 -0.083569 0.996453 1.705784 0.000000 0.000000 0.000000 1.000000
0.999935 0.003821 0.010756 0.671596 -0.004712 0.996452 0.084032 104.589600 -0.010397 -0.084077 0.996405 1.738506 0.000000 0.000000 0.000000 1.000000
0.999932 0.003342 0.011162 0.602264 -0.004266 0.996475 0.083776 104.658134 -0.010843 -0.083818 0.996422 1.777392 0.000000 0.000000 0.000000 1.000000
0.999932 0.003002 0.011298 0.535612 -0.003925 0.996576 0.082593 104.758003 -0.011012 -0.082632 0.996519 1.818365 0.000000 0.000000 0.000000 1.000000
0.999935 0.002735 0.011097 0.476731 -0.003621 0.996732 0.080701 104.883125 -0.010840 -0.080736 0.996677 1.858488 0.000000 0.000000 0.000000 1.000000
0.999942 0.002385 0.010521 0.426691 -0.003203 0.996919 0.078368 105.022942 -0.010301 -0.078397 0.996869 1.895065 0.000000 0.000000 0.000000 1.000000
0.999952 0.001899 0.009637 0.383104 -0.002623 0.997123 0.075757 105.168533 -0.009465 -0.075778 0.997080 1.925648 0.000000 0.000000 0.000000 1.000000
0.999961 0.001390 0.008687 0.344252 -0.002020 0.997328 0.073021 105.314888 -0.008562 -0.073035 0.997293 1.950164 0.000000 0.000000 0.000000 1.000000
0.999968 0.000979 0.007939 0.311133 -0.001535 0.997523 0.070321 105.457954 -0.007851 -0.070330 0.997493 1.969229 0.000000 0.000000 0.000000 1.000000
0.999972 0.000658 0.007466 0.284608 -0.001162 0.997701 0.067758 105.592224 -0.007405 -0.067764 0.997674 1.981747 0.000000 0.000000 0.000000 1.000000
0.999974 0.000390 0.007174 0.262563 -0.000858 0.997861 0.065372 105.712982 -0.007133 -0.065376 0.997835 1.986658 0.000000 0.000000 0.000000 1.000000
0.999975 0.000195 0.007041 0.241646 -0.000640 0.998000 0.063216 105.820007 -0.007015 -0.063219 0.997975 1.984050 0.000000 0.000000 0.000000 1.000000
0.999975 0.000063 0.007130 0.221777 -0.000500 0.998115 0.061366 105.916039 -0.007112 -0.061368 0.998090 1.973889 0.000000 0.000000 0.000000 1.000000
0.999973 -0.000118 0.007384 0.205617 -0.000324 0.998209 0.059829 106.002365 -0.007378 -0.059830 0.998181 1.956114 0.000000 0.000000 0.000000 1.000000
0.999971 -0.000415 0.007629 0.194235 -0.000032 0.998287 0.058499 106.079025 -0.007640 -0.058497 0.998258 1.931581 0.000000 0.000000 0.000000 1.000000
0.999970 -0.000720 0.007737 0.185876 0.000277 0.998363 0.057196 106.148499 -0.007765 -0.057192 0.998333 1.902205 0.000000 0.000000 0.000000 1.000000
0.999970 -0.000880 0.007666 0.179592 0.000451 0.998443 0.055786 106.214508 -0.007703 -0.055781 0.998413 1.870193 0.000000 0.000000 0.000000 1.000000
0.999972 -0.000877 0.007401 0.176803 0.000474 0.998526 0.054269 106.278915 -0.007437 -0.054264 0.998499 1.837562 0.000000 0.000000 0.000000 1.000000
0.999976 -0.000761 0.006911 0.178700 0.000395 0.998607 0.052768 106.342377 -0.006941 -0.052764 0.998583 1.806956 0.000000 0.000000 0.000000 1.000000
0.999981 -0.000511 0.006207 0.184864 0.000191 0.998677 0.051426 106.405273 -0.006225 -0.051424 0.998658 1.781354 0.000000 0.000000 0.000000 1.000000
0.999986 -0.000051 0.005369 0.193818 -0.000219 0.998733 0.050314 106.466507 -0.005365 -0.050314 0.998719 1.761212 0.000000 0.000000 0.000000 1.000000
0.999990 0.000609 0.004444 0.204099 -0.000828 0.998777 0.049429 106.523026 -0.004408 -0.049432 0.998768 1.743296 0.000000 0.000000 0.000000 1.000000
0.999993 0.001338 0.003417 0.215002 -0.001503 0.998809 0.048778 106.568359 -0.003348 -0.048783 0.998804 1.723136 0.000000 0.000000 0.000000 1.000000
0.999995 0.002005 0.002291 0.226718 -0.002114 0.998824 0.048432 106.598145 -0.002192 -0.048437 0.998824 1.698322 0.000000 0.000000 0.000000 1.000000
0.999996 0.002639 0.001056 0.240180 -0.002687 0.998823 0.048425 106.617317 -0.000927 -0.048428 0.998826 1.670121 0.000000 0.000000 0.000000 1.000000
0.999994 0.003387 -0.000289 0.256567 -0.003369 0.998811 0.048635 106.637856 0.000453 -0.048633 0.998817 1.643430 0.000000 0.000000 0.000000 1.000000
0.999989 0.004312 -0.001605 0.276041 -0.004229 0.998799 0.048822 106.668945 0.001814 -0.048815 0.998806 1.624006 0.000000 0.000000 0.000000 1.000000
0.999982 0.005294 -0.002749 0.299059 -0.005154 0.998794 0.048835 106.710747 0.003004 -0.048820 0.998803 1.612790 0.000000 0.000000 0.000000 1.000000
0.999974 0.006138 -0.003861 0.326688 -0.005942 0.998790 0.048810 106.758080 0.004156 -0.048786 0.998801 1.603899 0.000000 0.000000 0.000000 1.000000
0.999963 0.006762 -0.005319 0.358883 -0.006493 0.998775 0.049059 106.804718 0.005644 -0.049022 0.998782 1.590771 0.000000 0.000000 0.000000 1.000000
0.999947 0.007228 -0.007358 0.393380 -0.006854 0.998742 0.049667 106.846107 0.007707 -0.049614 0.998739 1.572313 0.000000 0.000000 0.000000 1.000000
0.999923 0.007564 -0.009812 0.427466 -0.007060 0.998706 0.050368 106.879341 0.010181 -0.050295 0.998683 1.551270 0.000000 0.000000 0.000000 1.000000
0.999896 0.007706 -0.012184 0.460412 -0.007077 0.998681 0.050853 106.902367 0.012559 -0.050761 0.998632 1.529747 0.000000 0.000000 0.000000 1.000000
0.999872 0.007708 -0.014048 0.492574 -0.006982 0.998672 0.051040 106.917915 0.014422 -0.050935 0.998598 1.508421 0.000000 0.000000 0.000000 1.000000
0.999851 0.007769 -0.015446 0.522859 -0.006973 0.998676 0.050960 106.929367 0.015822 -0.050844 0.998581 1.487275 0.000000 0.000000 0.000000 1.000000
0.999829 0.007988 -0.016660 0.549352 -0.007136 0.998693 0.050611 106.938599 0.017042 -0.050484 0.998579 1.465230 0.000000 0.000000 0.000000 1.000000
0.999809 0.008202 -0.017750 0.571018 -0.007304 0.998720 0.050060 106.945099 0.018138 -0.049921 0.998588 1.440531 0.000000 0.000000 0.000000 1.000000
0.999793 0.008217 -0.018592 0.587808 -0.007288 0.998748 0.049500 106.946648 0.018976 -0.049354 0.998601 1.413406 0.000000 0.000000 0.000000 1.000000
0.999785 0.008042 -0.019125 0.599768 -0.007094 0.998768 0.049114 106.942245 0.019496 -0.048967 0.998610 1.387317 0.000000 0.000000 0.000000 1.000000
0.999782 0.007803 -0.019369 0.606603 -0.006848 0.998779 0.048932 106.934540 0.019727 -0.048789 0.998614 1.366520 0.000000 0.000000 0.000000 1.000000
0.999784 0.007581 -0.019357 0.608357 -0.006628 0.998785 0.048840 106.927193 0.019704 -0.048701 0.998619 1.353238 0.000000 0.000000 0.000000 1.000000
0.999790 0.007379 -0.019142 0.605776 -0.006440 0.998794 0.048683 106.921906 0.019478 -0.048549 0.998631 1.347791 0.000000 0.000000 0.000000 1.000000
0.999797 0.007187 -0.018828 0.599811 -0.006268 0.998809 0.048389 106.917465 0.019153 -0.048261 0.998651 1.350657 0.000000 0.000000 0.000000 1.000000
0.999803 0.006997 -0.018549 0.591042 -0.006099 0.998829 0.048000 106.914276 0.018863 -0.047877 0.998675 1.363451 0.000000 0.000000 0.000000 1.000000
0.999807 0.006808 -0.018429 0.579252 -0.005924 0.998850 0.047582 106.910683 0.018732 -0.047464 0.998697 1.387104 0.000000 0.000000 0.000000 1.000000
0.999807 0.006618 -0.018516 0.564515 -0.005738 0.998870 0.047179 106.905914 0.018807 -0.047063 0.998715 1.420038 0.000000 0.000000 0.000000 1.000000
0.999804 0.006416 -0.018742 0.548128 -0.005533 0.998889 0.046804 106.900017 0.019022 -0.046691 0.998728 1.459343 0.000000 0.000000 0.000000 1.000000
0.999800 0.006220 -0.019018 0.532468 -0.005331 0.998907 0.046438 106.894127 0.019286 -0.046327 0.998740 1.502761 0.000000 0.000000 0.000000 1.000000
0.999795 0.006068 -0.019324 0.518815 -0.005172 0.998926 0.046050 106.887291 0.019583 -0.045940 0.998752 1.548284 0.000000 0.000000 0.000000 1.000000
0.999789 0.005916 -0.019675 0.506266 -0.005013 0.998946 0.045624 106.874298 0.019924 -0.045516 0.998765 1.593281 0.000000 0.000000 0.000000 1.000000
0.999782 0.005673 -0.020075 0.494085 -0.004762 0.998970 0.045124 106.848984 0.020310 -0.045019 0.998780 1.635360 0.000000 0.000000 0.000000 1.000000
0.999775 0.005290 -0.020543 0.483230 -0.004371 0.998998 0.044536 106.808220 0.020758 -0.044436 0.998797 1.672520 0.000000 0.000000 0.000000 1.000000
0.999767 0.004829 -0.021055 0.475731 -0.003898 0.999023 0.044019 106.752510 0.021247 -0.043927 0.998809 1.702438 0.000000 0.000000 0.000000 1.000000
0.999760 0.004394 -0.021453 0.471684 -0.003449 0.999030 0.043893 106.682419 0.021625 -0.043809 0.998806 1.723551 0.000000 0.000000 0.000000 1.000000
0.999760 0.004001 -0.021542 0.469106 -0.003042 0.999010 0.044376 106.598427 0.021698 -0.044300 0.998783 1.736606 0.000000 0.000000 0.000000 1.000000
0.999767 0.003609 -0.021303 0.466575 -0.002639 0.998967 0.045373 106.504326 0.021445 -0.045306 0.998743 1.745276 0.000000 0.000000 0.000000 1.000000
0.999776 0.003277 -0.020933 0.464904 -0.002299 0.998912 0.046582 106.407158 0.021063 -0.046523 0.998695 1.755752 0.000000 0.000000 0.000000 1.000000
0.999784 0.003105 -0.020567 0.463964 -0.002117 0.998852 0.047848 106.310944 0.020692 -0.047794 0.998643 1.773183 0.000000 0.000000 0.000000 1.000000
0.999795 0.003025 -0.020016 0.460797 -0.002033 0.998778 0.049381 106.212837 0.020141 -0.049330 0.998579 1.797225 0.000000 0.000000 0.000000 1.000000
0.999817 0.002873 -0.018914 0.451815 -0.001897 0.998676 0.051413 106.105484 0.019036 -0.051368 0.998498 1.822817 0.000000 0.000000 0.000000 1.000000
0.999850 0.002629 -0.017121 0.436007 -0.001704 0.998548 0.053835 105.984779 0.017238 -0.053798 0.998403 1.845265 0.000000 0.000000 0.000000 1.000000
0.999886 0.002381 -0.014886 0.415089 -0.001538 0.998408 0.056382 105.852806 0.014996 -0.056352 0.998298 1.863204 0.000000 0.000000 0.000000 1.000000
0.999917 0.002174 -0.012673 0.391572 -0.001423 0.998261 0.058939 105.714897 0.012779 -0.058916 0.998181 1.878191 0.000000 0.000000 0.000000 1.000000
0.999940 0.002046 -0.010805 0.366360 -0.001377 0.998105 0.061512 105.576233 0.010911 -0.061493 0.998048 1.893820 0.000000 0.000000 0.000000 1.000000
0.999956 0.002039 -0.009180 0.338307 -0.001447 0.997946 0.064049 105.443085 0.009292 -0.064033 0.997905 1.913441 0.000000 0.000000 0.000000 1.000000
0.999969 0.002173 -0.007564 0.307814 -0.001665 0.997792 0.066402 105.318573 0.007692 -0.066388 0.997764 1.935762 0.000000 0.000000 0.000000 1.000000
0.999978 0.002387 -0.006126 0.277390 -0.001962 0.997653 0.068439 105.204041 0.006275 -0.068425 0.997636 1.954838 0.000000 0.000000 0.000000 1.000000
0.999983 0.002579 -0.005270 0.250223 -0.002203 0.997536 0.070122 105.098366 0.005438 -0.070109 0.997525 1.965015 0.000000 0.000000 0.000000 1.000000
0.999984 0.002684 -0.005009 0.228530 -0.002319 0.997439 0.071479 104.998260 0.005188 -0.071466 0.997430 1.964787 0.000000 0.000000 0.000000 1.000000
0.999984 0.002712 -0.004970 0.214386 -0.002345 0.997361 0.072565 104.898743 0.005154 -0.072553 0.997351 1.955923 0.000000 0.000000 0.000000 1.000000
0.999984 0.002735 -0.004895 0.209302 -0.002368 0.997291 0.073514 104.796143 0.005083 -0.073501 0.997282 1.940550 0.000000 0.000000 0.000000 1.000000
0.999985 0.002806 -0.004744 0.212130 -0.002445 0.997216 0.074523 104.690186 0.004940 -0.074510 0.997208 1.919375 0.000000 0.000000 0.000000 1.000000
0.999986 0.002854 -0.004491 0.219860 -0.002506 0.997127 0.075707 104.583221 0.004695 -0.075694 0.997120 1.892343 0.000000 0.000000 0.000000 1.000000
0.999988 0.002734 -0.004102 0.230524 -0.002410 0.997030 0.076976 104.478348 0.004300 -0.076965 0.997024 1.860032 0.000000 0.000000 0.000000 1.000000
0.999991 0.002403 -0.003571 0.243141 -0.002117 0.996940 0.078138 104.377205 0.003748 -0.078130 0.996936 1.823050 0.000000 0.000000 0.000000 1.000000
0.999994 0.001973 -0.002894 0.256311 -0.001738 0.996864 0.079115 104.279587 0.003041 -0.079110 0.996861 1.780794 0.000000 0.000000 0.000000 1.000000
0.999997 0.001589 -0.002108 0.268250 -0.001415 0.996795 0.079991 104.185791 0.002229 -0.079988 0.996793 1.732543 0.000000 0.000000 0.000000 1.000000
0.999998 0.001358 -0.001268 0.277733 -0.001251 0.996723 0.080881 104.097542 0.001374 -0.080879 0.996723 1.679404 0.000000 0.000000 0.000000 1.000000
0.999999 0.001393 -0.000289 0.285011 -0.001364 0.996645 0.081831 104.017448 0.000402 -0.081830 0.996646 1.624102 0.000000 0.000000 0.000000 1.000000
0.999998 0.001710 0.001043 0.291489 -0.001790 0.996563 0.082822 103.947350 -0.000898 -0.082824 0.996564 1.568937 0.000000 0.000000 0.000000 1.000000
0.999994 0.002102 0.002780 0.297937 -0.002328 0.996480 0.083794 103.886635 -0.002594 -0.083799 0.996479 1.514315 0.000000 0.000000 0.000000 1.000000
0.999987 0.002298 0.004616 0.303047 -0.002681 0.996401 0.084722 103.832031 -0.004405 -0.084733 0.996394 1.458980 0.000000 0.000000 0.000000 1.000000
0.999979 0.002240 0.006163 0.304641 -0.002760 0.996317 0.085706 103.778381 -0.005948 -0.085721 0.996301 1.401059 0.000000 0.000000 0.000000 1.000000
0.999971 0.002067 0.007321 0.301499 -0.002695 0.996216 0.086867 103.721397 -0.007114 -0.086885 0.996193 1.339006 0.000000 0.000000 0.000000 1.000000
0.999964 0.001955 0.008229 0.295123 -0.002673 0.996098 0.088216 103.658951 -0.008024 -0.088235 0.996067 1.272618 0.000000 0.000000 0.000000 1.000000
0.999958 0.002018 0.008948 0.289008 -0.002812 0.995965 0.089697 103.592834 -0.008731 -0.089718 0.995929 1.202997 0.000000 0.000000 0.000000 1.000000
0.999953 0.002233 0.009451 0.285815 -0.003086 0.995824 0.091245 103.526955 -0.009208 -0.091270 0.995784 1.130767 0.000000 0.000000 0.000000 1.000000
0.999949 0.002449 0.009802 0.285588 -0.003348 0.995678 0.092808 103.467903 -0.009532 -0.092836 0.995636 1.055277 0.000000 0.000000 0.000000 1.000000
0.999946 0.002575 0.010108 0.286261 -0.003518 0.995529 0.094395 103.420197 -0.009819 -0.094425 0.995484 0.976171 0.000000 0.000000 0.000000 1.000000
0.999943 0.002658 0.010373 0.286117 -0.003642 0.995372 0.096033 103.385345 -0.010069 -0.096065 0.995324 0.894723 0.000000 0.000000 0.000000 1.000000
0.999941 0.002717 0.010529 0.286578 -0.003732 0.995217 0.097620 103.362587 -0.010213 -0.097653 0.995168 0.813935 0.000000 0.000000 0.000000 1.000000
0.999941 0.002670 0.010545 0.291246 -0.003700 0.995088 0.098923 103.355835 -0.010230 -0.098956 0.995039 0.737467 0.000000 0.000000 0.000000 1.000000
0.999942 0.002463 0.010476 0.301980 -0.003496 0.995001 0.099801 103.373993 -0.010178 -0.099831 0.994952 0.666391 0.000000 0.000000 0.000000 1.000000
0.999943 0.002143 0.010441 0.317365 -0.003180 0.994950 0.100317 103.420616 -0.010174 -0.100344 0.994901 0.597836 0.000000 0.000000 0.000000 1.000000
0.999943 0.001759 0.010543 0.335402 -0.002811 0.994921 0.100617 103.488785 -0.010312 -0.100641 0.994869 0.528831 0.000000 0.000000 0.000000 1.000000
0.999941 0.001292 0.010774 0.355187 -0.002372 0.994903 0.100811 103.568542 -0.010589 -0.100831 0.994847 0.459749 0.000000 0.000000 0.000000 1.000000
0.999939 0.000713 0.011061 0.375657 -0.001827 0.994887 0.100978 103.653908 -0.010933 -0.100992 0.994827 0.392647 0.000000 0.000000 0.000000 1.000000
0.999935 0.000062 0.011372 0.394925 -0.001213 0.994868 0.101179 103.741608 -0.011307 -0.101186 0.994803 0.328008 0.000000 0.000000 0.000000 1.000000
0.999931 -0.000590 0.011709 0.410718 -0.000600 0.994842 0.101437 103.827324 -0.011709 -0.101437 0.994773 0.264331 0.000000 0.000000 0.000000 1.000000
0.999927 -0.001200 0.012023 0.420973 -0.000029 0.994810 0.101746 103.905380 -0.012082 -0.101739 0.994738 0.200225 0.000000 0.000000 0.000000 1.000000
0.999924 -0.001726 0.012197 0.423819 0.000472 0.994774 0.102095 103.972549 -0.012310 -0.102082 0.994700 0.136158 0.000000 0.000000 0.000000 1.000000
0.999923 -0.002108 0.012197 0.417999 0.000848 0.994737 0.102456 104.031898 -0.012349 -0.102438 0.994663 0.074081 0.000000 0.000000 0.000000 1.000000
0.999923 -0.002298 0.012158 0.403023 0.001036 0.994706 0.102752 104.090759 -0.012330 -0.102732 0.994633 0.016644 0.000000 0.000000 0.000000 1.000000
0.999923 -0.002293 0.012231 0.379680 0.001023 0.994693 0.102887 104.159042 -0.012403 -0.102867 0.994618 -0.032902 0.000000 0.000000 0.000000 1.000000
0.999921 -0.002144 0.012350 0.349493 0.000864 0.994705 0.102763 104.244171 -0.012505 -0.102744 0.994629 -0.071609 0.000000 0.000000 0.000000 1.000000
0.999923 -0.001918 0.012265 0.314207 0.000653 0.994754 0.102292 104.347313 -0.012396 -0.102276 0.994679 -0.099642 0.000000 0.000000 0.000000 1.000000
0.999929 -0.001662 0.011766 0.276109 0.000459 0.994840 0.101452 104.463913 -0.011874 -0.101440 0.994771 -0.121708 0.000000 0.000000 0.000000 1.000000
0.999940 -0.001391 0.010828 0.238049 0.000298 0.994951 0.100366 104.589615 -0.010913 -0.100357 0.994892 -0.143490 0.000000 0.000000 0.000000 1.000000
0.999953 -0.001103 0.009588 0.202029 0.000146 0.995066 0.099215 104.722969 -0.009650 -0.099209 0.995020 -0.166775 0.000000 0.000000 0.000000 1.000000
0.999966 -0.000770 0.008186 0.168803 -0.000036 0.995184 0.098020 104.861725 -0.008222 -0.098017 0.995151 -0.189060 0.000000 0.000000 0.000000 1.000000
0.999978 -0.000342 0.006654 0.137783 -0.000302 0.995321 0.096619 105.002373 -0.006656 -0.096618 0.995299 -0.206370 0.000000 0.000000 0.000000 1.000000
0.999987 0.000201 0.005058 0.106828 -0.000681 0.995488 0.094885 105.143784 -0.005016 -0.094887 0.995475 -0.215697 0.000000 0.000000 0.000000 1.000000
0.999993 0.000781 0.003672 0.073516 -0.001118 0.995679 0.092860 105.288338 -0.003583 -0.092863 0.995672 -0.216667 0.000000 0.000000 0.000000 1.000000
0.999995 0.001256 0.002863 0.037398 -0.001510 0.995882 0.090643 105.437126 -0.002737 -0.090647 0.995879 -0.211232 0.000000 0.000000 0.000000 1.000000
0.999995 0.001571 0.002814 0.000052 -0.001813 0.996095 0.088267 105.586838 -0.002664 -0.088272 0.996093 -0.200848 0.000000 0.000000 0.000000 1.000000
0.999993 0.001811 0.003301 -0.037325 -0.002087 0.996322 0.085658 105.731628 -0.003134 -0.085664 0.996319 -0.185428 0.000000 0.000000 0.000000 1.000000
0.999991 0.002058 0.003796 -0.076561 -0.002365 0.996571 0.082704 105.867775 -0.003613 -0.082713 0.996567 -0.166025 0.000000 0.000000 0.000000 1.000000
0.999990 0.002253 0.003917 -0.120801 -0.002557 0.996839 0.079413 105.994461 -0.003726 -0.079422 0.996834 -0.146879 0.000000 0.000000 0.000000 1.000000
0.999991 0.002307 0.003639 -0.170786 -0.002577 0.997110 0.075933 106.111366 -0.003454 -0.075941 0.997106 -0.132919 0.000000 0.000000 0.000000 1.000000
0.999993 0.002265 0.003000 -0.224669 -0.002477 0.997373 0.072391 106.217651 -0.002828 -0.072398 0.997372 -0.125958 0.000000 0.000000 0.000000 1.000000
0.999996 0.002280 0.001880 -0.280418 -0.002404 0.997625 0.068832 106.311043 -0.001719 -0.068837 0.997626 -0.124775 0.000000 0.000000 0.000000 1.000000
0.999997 0.002449 0.000130 -0.337202 -0.002452 0.997860 0.065348 106.388275 0.000031 -0.065348 0.997863 -0.127965 0.000000 0.000000 0.000000 1.000000
0.999994 0.002784 -0.002231 -0.395253 -0.002640 0.998062 0.062164 106.446877 0.002400 -0.062157 0.998063 -0.135448 0.000000 0.000000 0.000000 1.000000
0.999982 0.003251 -0.004962 -0.455677 -0.002950 0.998224 0.059504 106.489006 0.005147 -0.059489 0.998216 -0.146649 0.000000 0.000000 0.000000 1.000000
0.999963 0.003777 -0.007737 -0.518815 -0.003327 0.998346 0.057391 106.523277 0.007941 -0.057363 0.998322 -0.157873 0.000000 0.000000 0.000000 1.000000
0.999938 0.004303 -0.010311 -0.583823 -0.003724 0.998447 0.055587 106.558220 0.010535 -0.055545 0.998401 -0.163299 0.000000 0.000000 0.000000 1.000000
0.999908 0.004811 -0.012683 -0.649173 -0.004123 0.998546 0.053741 106.598404 0.012924 -0.053683 0.998474 -0.158902 0.000000 0.000000 0.000000 1.000000
0.999871 0.005211 -0.015169 -0.713208 -0.004422 0.998657 0.051619 106.643242 0.015418 -0.051546 0.998552 -0.143878 0.000000 0.000000 0.000000 1.000000
0.999821 0.005345 -0.018152 -0.772460 -0.004445 0.998777 0.049235 106.680435 0.018393 -0.049145 0.998622 -0.118695 0.000000 0.000000 0.000000 1.000000
0.999753 0.005203 -0.021596 -0.826834 -0.004189 0.998897 0.046759 106.714371 0.021816 -0.046657 0.998673 -0.082981 0.000000 0.000000 0.000000 1.000000
0.999674 0.004950 -0.025041 -0.876606 -0.003834 0.999007 0.044390 106.746483 0.025236 -0.044279 0.998700 -0.038334 0.000000 0.000000 0.000000 1.000000
0.999592 0.004639 -0.028186 -0.923646 -0.003444 0.999099 0.042295 106.776657 0.028356 -0.042180 0.998708 0.011372 0.000000 0.000000 0.000000 1.000000
0.999507 0.004183 -0.031118 -0.970328 -0.002919 0.999173 0.040545 106.805244 0.031262 -0.040434 0.998693 0.063032 0.000000 0.000000 0.000000 1.000000
0.999420 0.003629 -0.033855 -1.016770 -0.002306 0.999235 0.039051 106.831161 0.033970 -0.038950 0.998664 0.116369 0.000000 0.000000 0.000000 1.000000
0.999338 0.003232 -0.036236 -1.061492 -0.001869 0.999291 0.037598 106.854172 0.036332 -0.037506 0.998636 0.170582 0.000000 0.000000 0.000000 1.000000
0.999258 0.003211 -0.038389 -1.102858 -0.001829 0.999351 0.035972 106.874115 0.038480 -0.035875 0.998615 0.220687 0.000000 0.000000 0.000000 1.000000
0.999167 0.003549 -0.040658 -1.140565 -0.002168 0.999420 0.033973 106.892319 0.040755 -0.033856 0.998595 0.260645 0.000000 0.000000 0.000000 1.000000
0.999067 0.004112 -0.042997 -1.174927 -0.002762 0.999503 0.031407 106.906395 0.043105 -0.031259 0.998581 0.288615 0.000000 0.000000 0.000000 1.000000
0.998977 0.004800 -0.044959 -1.205879 -0.003533 0.999595 0.028221 106.911400 0.045076 -0.028033 0.998590 0.306336 0.000000 0.000000 0.000000 1.000000
0.998914 0.005492 -0.046259 -1.236431 -0.004355 0.999687 0.024641 106.915497 0.046380 -0.024413 0.998625 0.314273 0.000000 0.000000 0.000000 1.000000
0.998884 0.006097 -0.046826 -1.269254 -0.005115 0.999765 0.021065 106.917290 0.046944 -0.020802 0.998681 0.308391 0.000000 0.000000 0.000000 1.000000
0.998898 0.006686 -0.046456 -1.306385 -0.005865 0.999824 0.017800 106.918152 0.046567 -0.017508 0.998762 0.286379 0.000000 0.000000 0.000000 1.000000
0.998960 0.007339 -0.044998 -1.346487 -0.006674 0.999866 0.014921 106.919357 0.045101 -0.014605 0.998876 0.253408 0.000000 0.000000 0.000000 1.000000
0.999054 0.007950 -0.042763 -1.384971 -0.007432 0.999897 0.012256 106.919777 0.042856 -0.011927 0.999010 0.219107 0.000000 0.000000 0.000000 1.000000
0.999147 0.008389 -0.040429 -1.417656 -0.008011 0.999923 0.009509 106.918259 0.040505 -0.009177 0.999137 0.189569 0.000000 0.000000 0.000000 1.000000
0.999217 0.008687 -0.038601 -1.443206 -0.008441 0.999943 0.006516 106.916092 0.038656 -0.006185 0.999233 0.164897 0.000000 0.000000 0.000000 1.000000
0.999256 0.008953 -0.037525 -1.462008 -0.008833 0.999955 0.003367 106.915108 0.037553 -0.003033 0.999290 0.143079 0.000000 0.000000 0.000000 1.000000
0.999271 0.009228 -0.037051 -1.474799 -0.009226 0.999957 0.000233 106.915428 0.037051 0.000109 0.999313 0.123328 0.000000 0.000000 0.000000 1.000000
0.999277 0.009453 -0.036836 -1.482249 -0.009564 0.999950 -0.002836 106.915672 0.036808 0.003186 0.999317 0.105884 0.000000 0.000000 0.000000 1.000000
0.999285 0.009546 -0.036580 -1.486139 -0.009769 0.999935 -0.005914 106.914215 0.036521 0.006267 0.999313 0.091688 0.000000 0.000000 0.000000 1.000000
0.999304 0.009499 -0.036076 -1.491347 -0.009834 0.999910 -0.009118 106.910690 0.035986 0.009466 0.999307 0.083834 0.000000 0.000000 0.000000 1.000000
0.999338 0.009394 -0.035155 -1.501212 -0.009840 0.999873 -0.012523 106.906158 0.035033 0.012860 0.999303 0.086663 0.000000 0.000000 0.000000 1.000000
0.999388 0.009332 -0.033705 -1.516057 -0.009878 0.999822 -0.016056 106.902092 0.033549 0.016379 0.999303 0.102874 0.000000 0.000000 0.000000 1.000000
0.999452 0.009382 -0.031747 -1.535412 -0.010004 0.999760 -0.019504 106.899147 0.031557 0.019811 0.999306 0.132909 0.000000 0.000000 0.000000 1.000000
0.999520 0.009533 -0.029480 -1.558928 -0.010203 0.999691 -0.022653 106.896507 0.029255 0.022943 0.999309 0.176351 0.000000 0.000000 0.000000 1.000000
0.999583 0.009680 -0.027220 -1.586015 -0.010371 0.999624 -0.025369 106.892288 0.026965 0.025641 0.999307 0.232618 0.000000 0.000000 0.000000 1.000000
0.999634 0.009683 -0.025251 -1.615657 -0.010379 0.999566 -0.027576 106.885010 0.024973 0.027828 0.999301 0.299854 0.000000 0.000000 0.000000 1.000000
0.999674 0.009533 -0.023696 -1.646503 -0.010223 0.999522 -0.029169 106.875351 0.023407 0.029401 0.999294 0.372258 0.000000 0.000000 0.000000 1.000000
0.999702 0.009383 -0.022528 -1.676964 -0.010058 0.999498 -0.030041 106.866600 0.022235 0.030259 0.999295 0.440084 0.000000 0.000000 0.000000 1.000000
0.999722 0.009338 -0.021670 -1.706006 -0.009990 0.999494 -0.030207 106.860634 0.021377 0.030415 0.999309 0.495879 0.000000 0.000000 0.000000 1.000000
0.999733 0.009274 -0.021177 -1.734570 -0.009900 0.999512 -0.029641 106.854919 0.020892 0.029843 0.999336 0.539254 0.000000 0.000000 0.000000 1.000000
0.999733 0.009054 -0.021274 -1.765129 -0.009645 0.999566 -0.027852 106.845245 0.021013 0.028049 0.999386 0.568226 0.000000 0.000000 0.000000 1.000000
0.999720 0.008869 -0.021941 -1.800340 -0.009394 0.999668 -0.023974 106.832962 0.021722 0.024173 0.999472 0.566662 0.000000 0.000000 0.000000 1.000000
0.999704 0.009114 -0.022568 -1.834103 -0.009513 0.999799 -0.017644 106.826065 0.022402 0.017853 0.999590 0.512741 0.000000 0.000000 0.000000 1.000000
0.999700 0.009843 -0.022440 -1.858312 -0.010055 0.999905 -0.009379 106.808762 0.022346 0.009601 0.999704 0.402222 0.000000 0.000000 0.000000 1.000000
0.999716 0.010644 -0.021305 -1.867204 -0.010645 0.999943 0.000085 106.753021 0.021305 0.000142 0.999773 0.251189 0.000000 0.000000 0.000000 1.000000
0.999755 0.011104 -0.019136 -1.866913 -0.010908 0.999887 0.010305 106.679436 0.019249 -0.010094 0.999764 0.079299 0.000000 0.000000 0.000000 1.000000
0.999808 0.011249 -0.016061 -1.859720 -0.010913 0.999722 0.020908 106.604095 0.016291 -0.020728 0.999652 -0.100976 0.000000 0.000000 0.000000 1.000000
0.999853 0.011413 -0.012834 -1.840763 -0.011007 0.999450 0.031271 106.517639 0.013184 -0.031125 0.999429 -0.280190 0.000000 0.000000 0.000000 1.000000
0.999876 0.011671 -0.010537 -1.808548 -0.011234 0.999109 0.040675 106.418823 0.011002 -0.040551 0.999117 -0.453176 0.000000 0.000000 0.000000 1.000000
0.999887 0.011753 -0.009359 -1.765079 -0.011282 0.998739 0.048914 106.297852 0.009922 -0.048803 0.998759 -0.624497 0.000000 0.000000 0.000000 1.000000
0.999898 0.011533 -0.008375 -1.714206 -0.011041 0.998335 0.056608 106.151932 0.009014 -0.056510 0.998361 -0.800781 0.000000 0.000000 0.000000 1.000000
0.999915 0.011131 -0.006737 -1.656173 -0.010673 0.997852 0.064634 105.986275 0.007442 -0.064556 0.997886 -0.981710 0.000000 0.000000 0.000000 1.000000
0.999934 0.010557 -0.004517 -1.587607 -0.010198 0.997252 0.073380 105.802864 0.005280 -0.073329 0.997294 -1.159525 0.000000 0.000000 0.000000 1.000000
0.999950 0.009712 -0.002341 -1.505515 -0.009485 0.996534 0.082640 105.597076 0.003135 -0.082613 0.996577 -1.323092 0.000000 0.000000 0.000000 1.000000
0.999963 0.008565 -0.000629 -1.410569 -0.008471 0.995728 0.091949 105.367500 0.001414 -0.091940 0.995764 -1.464242 0.000000 0.000000 0.000000 1.000000
0.999974 0.007199 0.000689 -1.306102 -0.007232 0.994877 0.100836 105.115234 0.000040 -0.100838 0.994903 -1.582533 0.000000 0.000000 0.000000 1.000000
0.999982 0.005750 0.001964 -1.195625 -0.005930 0.994033 0.108918 104.841263 -0.001326 -0.108927 0.994049 -1.680707 0.000000 0.000000 0.000000 1.000000
0.999984 0.004474 0.003395 -1.078945 -0.004838 0.993244 0.115943 104.545715 -0.002853 -0.115958 0.993250 -1.757279 0.000000 0.000000 0.000000 1.000000
0.999981 0.003714 0.004843 -0.952324 -0.004277 0.992542 0.121827 104.232155 -0.004355 -0.121846 0.992539 -1.808445 0.000000 0.000000 0.000000 1.000000
0.999975 0.003594 0.006029 -0.813809 -0.004329 0.991930 0.126714 103.908073 -0.005525 -0.126737 0.991921 -1.834583 0.000000 0.000000 0.000000 1.000000
0.999971 0.003950 0.006581 -0.663873 -0.004777 0.991392 0.130839 103.581276 -0.006008 -0.130866 0.991382 -1.838962 0.000000 0.000000 0.000000 1.000000
0.999971 0.004654 0.006074 -0.500144 -0.005427 0.990937 0.134219 103.259888 -0.005394 -0.134248 0.990933 -1.823098 0.000000 0.000000 0.000000 1.000000
0.999973 0.005737 0.004573 -0.317564 -0.006309 0.990598 0.136659 102.952003 -0.003746 -0.136684 0.990608 -1.788102 0.000000 0.000000 0.000000 1.000000
0.999970 0.007205 0.002677 -0.116323 -0.007506 0.990395 0.138060 102.663078 -0.001657 -0.138076 0.990420 -1.738539 0.000000 0.000000 0.000000 1.000000
0.999960 0.008902 0.000755 0.096581 -0.008921 0.990310 0.138586 102.394058 0.000486 -0.138587 0.990350 -1.684278 0.000000 0.000000 0.000000 1.000000
0.999944 0.010520 -0.001207 0.315892 -0.010252 0.990305 0.138533 102.142357 0.002653 -0.138513 0.990357 -1.638664 0.000000 0.000000 0.000000 1.000000
0.999926 0.011748 -0.003139 0.541138 -0.011201 0.990345 0.138174 101.903496 0.004732 -0.138128 0.990403 -1.611764 0.000000 0.000000 0.000000 1.000000
0.999909 0.012510 -0.004973 0.767380 -0.011706 0.990382 0.137862 101.672279 0.006650 -0.137792 0.990439 -1.604278 0.000000 0.000000 0.000000 1.000000
0.999890 0.013081 -0.006932 0.981358 -0.012000 0.990364 0.137968 101.450661 0.008670 -0.137870 0.990412 -1.610431 0.000000 0.000000 0.000000 1.000000
0.999861 0.013895 -0.009216 1.170546 -0.012486 0.990289 0.138460 101.254631 0.011050 -0.138325 0.990325 -1.625456 0.000000 0.000000 0.000000 1.000000
0.999818 0.015171 -0.011594 1.332183 -0.013414 0.990209 0.138947 101.108398 0.013589 -0.138766 0.990232 -1.646006 0.000000 0.000000 0.000000 1.000000
0.999767 0.016702 -0.013674 1.471752 -0.014638 0.990154 0.139213 101.027313 0.015864 -0.138981 0.990168 -1.665171 0.000000 0.000000 0.000000 1.000000
0.999717 0.018195 -0.015328 1.597345 -0.015888 0.990149 0.139116 101.010696 0.017709 -0.138833 0.990157 -1.671905 0.000000 0.000000 0.000000 1.000000
0.999668 0.019654 -0.016675 1.714181 -0.017165 0.990270 0.138094 101.061790 0.019227 -0.137762 0.990279 -1.656530 0.000000 0.000000 0.000000 1.000000
0.999617 0.021126 -0.017897 1.819099 -0.018509 0.990596 0.135563 101.205254 0.020593 -0.135180 0.990607 -1.617495 0.000000 0.000000 0.000000 1.000000
0.999565 0.022374 -0.019190 1.902245 -0.019657 0.991099 0.131667 101.461494 0.021965 -0.131232 0.991108 -1.561879 0.000000 0.000000 0.000000 1.000000
0.999518 0.023163 -0.020660 1.958910 -0.020356 0.991688 0.127043 101.811440 0.023431 -0.126561 0.991682 -1.497742 0.000000 0.000000 0.000000 1.000000
0.999475 0.023575 -0.022222 1.992177 -0.020689 0.992296 0.122153 102.205490 0.024931 -0.121629 0.992262 -1.430329 0.000000 0.000000 0.000000 1.000000
0.999435 0.023817 -0.023701 2.004286 -0.020881 0.992886 0.117221 102.597084 0.026324 -0.116660 0.992823 -1.364376 0.000000 0.000000 0.000000 1.000000
0.999403 0.023966 -0.024882 1.993368 -0.021023 0.993434 0.112462 102.954956 0.027414 -0.111872 0.993344 -1.304615 0.000000 0.000000 0.000000 1.000000
0.999390 0.023952 -0.025415 1.957010 -0.021069 0.993907 0.108190 103.257469 0.027852 -0.107589 0.993805 -1.255360 0.000000 0.000000 0.000000 1.000000
0.999410 0.023685 -0.024892 1.895343 -0.020954 0.994276 0.104765 103.488831 0.027231 -0.104182 0.994185 -1.221345 0.000000 0.000000 0.000000 1.000000
0.999464 0.023155 -0.023131 1.812365 -0.020670 0.994524 0.102446 103.641090 0.025377 -0.101913 0.994470 -1.207035 0.000000 0.000000 0.000000 1.000000
0.999542 0.022439 -0.020304 1.715438 -0.020273 0.994657 0.101229 103.715233 0.022467 -0.100771 0.994656 -1.213170 0.000000 0.000000 0.000000 1.000000
0.999624 0.021675 -0.016817 1.611393 -0.019871 0.994696 0.100919 103.718140 0.018916 -0.100547 0.994753 -1.235561 0.000000 0.000000 0.000000 1.000000
